0.5067552262353173
0.5067555436777941
0.5067560756699397
0.5067565280926262
0.5067568385603213
0.5067570254933094
0.506757132402827
0.5067571926102501
0.506757252478123
0.5067572617880929
0.5067572388045681
0.5067571782963348
0.5067570749911673
0.5067569435280598
0.5067567902809927
0.5067566349378518
0.5067564837838251
0.5067563532586241
0.5067562493089067
0.5067561713978498
0.5067560983699366
0.5067560507866368
0.5067560317186742
0.5067560100072963
0.5067559792402943
0.5067559293348387
0.5067558879494946
0.5067558664973502
0.5067558728931021
0.5067558969983862
0.5067559240593359
0.5067559460934639
0.5067559704904818
0.5067560273938609
0.5067561101555219
0.5067561923842657
0.5067562750965723
0.506756367656012
0.5067564885209651
0.5067566223679721
0.506756767778231
0.5067569057771758
0.506757043882249
0.5067571825403026
0.5067573190162635
0.5067574496709246
0.5067575593900547
0.5067576587787985
0.5067577469779299
0.5067578195087308
0.5067578662828434
0.50675787772199
0.5067578456862187
0.5067577714181296
0.5067576664508996
0.5067575050861203
0.5067572859013536
0.5067570035771716
0.5067566724249808
0.506756285222408
0.5067558274830752
0.5067553011592664
0.5067547026778247
0.5067540327137878
0.5067532817071391
0.5067524388388219
0.5067515025355669
0.5067504758221487
0.5067493609345708
0.506748148280465
0.5067468327252282
0.5067454120869154
0.506743887068178
0.5067422553540257
0.5067405059993335
0.5067386388402458
0.5067366431195
0.5067345153070147
0.5067322514840886
0.506729835823935
0.5067272776123111
0.5067245705529387
0.5067217027736233
0.506718659909948
0.5067154500836802
0.5067120672903878
0.5067085097968111
0.5067047649527655
0.5067008300846094
0.5066967007392126
0.5066923925951682
0.5066879160469646
0.5066832711043916
0.5066784802895316
0.5066735811160052
0.5066686124030386
0.5066636241940861
0.5066586626474316
0.5066538072503236
0.5066491457183737
0.5066447871987918
0.5066408355455062
0.5066373928981637
0.5066345523434038
0.5066323892439804
0.5066309879218152
0.5066303744562863
0.506630544803577
0.5066314573926365
0.5066330326178056
0.5066351828154395
0.5066378031578243
0.5066407722713274
0.5066439562301487
0.5066472626962516
0.5066506018727391
0.5066538811194883
0.50665704289928
0.5066600404296121
0.5066628248589549
0.5066653581613539
0.5066676408857873
0.5066696491856622
0.5066713935905504
0.5066728815241157
0.5066741242242931
0.5066751291843429
0.506675919756542
0.5066765064406632
0.5066769263120127
0.5066771955915934
0.5066773219123725
0.5066773350390756
0.506677240665534
0.5066770638787824
0.506676825220184
0.5066765468250446
0.506676250282447
0.506675955147165
0.5066756726463302
0.5066754260741402
0.5066752105675377
0.5066750450414989
0.5066749144107192
0.5066748331704926
0.5066748033199481
0.5066748316416675
0.5066749199291816
0.50667504847434
0.5066752189922458
0.5066754357136435
0.5066756947754018
0.5066759772731703
0.5066762778732933
0.506676590583528
0.5066769194886485
0.5066772626095235
0.5066776271152508
0.5066779784636843
0.5066783230427128
0.5066786661323595
0.5066790064799439
0.5066793202802073
0.5066796245516039
0.5066799189500358
0.5066801977877434
0.5066804707955406
0.5066807337471725
0.506680978323442
0.5066812040568691
0.5066814198744283
0.5066816116733516
0.5066818022253737
0.50668199283184
0.5066821736862149
0.5066823435503438
0.5066825032868564
0.5066826560272484
0.5066827982401607
0.5066829252715147
0.5066830388104212
0.5066831298418064
0.5066832081915519
0.506683271168471
0.5066833201147244
0.5066833628718027
0.5066833928957687
0.5066833925162363
0.5066833812764427
0.5066833427441092
0.5066832815188783
0.506683196019257
0.5066831007364498
0.5066829706369673
0.5066828224100677
0.5066826414179422
0.5066824450763469
0.5066822191565626
0.5066819682410633
0.5066816808215027
0.5066813699571968
0.5066810211152758
0.5066806492294488
0.5066802392488752
0.5066798064225243
0.5066793358193494
0.5066788329002654
0.5066783049561283
0.5066777549298461
0.5066771715945614
0.5066765547280642
0.5066759144459725
0.506675244612027
0.506674553130418
0.5066738393709467
0.5066731048539947
0.506672319857007
0.5066715160102034
0.5066706802943316
0.5066698245032527
0.5066689415847033
0.5066680368122799
0.5066670963239743
0.5066661314142765
0.5066651329182151
0.506664113683565
0.5066630537070541
0.5066619727500824
0.5066608671195916
0.5066597263499979
0.5066585602540724
0.5066573794978392
0.5066561770561457
0.5066549402987945
0.50665366634049
0.506652366734763
0.5066510418607176
0.506649688777201
0.5066483215314465
0.5066468995895482
0.5066454219148189
0.5066439094849645
0.506642359660245
0.5066407749249617
0.5066391520392911
0.506637500289304
0.5066358039213594
0.5066340530762194
0.5066322666276398
0.5066304404449771
0.5066285763324144
0.5066266769130884
0.5066247229221381
0.5066227233045154
0.5066206492930488
0.5066185074075421
0.5066163106281986
0.50661404039133
0.5066116988126995
0.5066092777071107
0.5066067914048192
0.5066041941449625
0.5066015112734297
0.5065987565194106
0.5065959145501191
0.5065929781520783
0.506589940391852
0.5065867873799487
0.5065835035850451
0.5065801123183293
0.5065765762718014
0.5065729091552669
0.5065691171955934
0.5065651782497232
0.5065611337553196
0.506556909717185
0.5065525394104597
0.5065479945780326
0.5065432744543955
0.5065383889338563
0.5065332793187094
0.5065279847652403
0.5065224468673634
0.5065166816542018
0.5065106583897391
0.5065043999557087
0.5064978791652129
0.5064910488182912
0.5064839415224175
0.5064765028535482
0.5064687395589975
0.5064606177858055
0.5064521099918143
0.5064432156174048
0.5064338996363846
0.5064241461400494
0.5064139035836079
0.5064031726525978
0.5063918766614116
0.5063799805796004
0.5063674542988832
0.5063542315107687
0.5063402612858489
0.506325511578253
0.5063099348474542
0.5062934073909243
0.5062758653461277
0.5062572441895957
0.506237415234677
0.5062162831925578
0.5061937084836596
0.5061695577232164
0.5061436642996799
0.5061158164396307
0.5060858278363599
0.5060534777753598
0.506018479058321
0.505980490645856
0.5059391252145745
0.5058939358193969
0.5058443240545626
0.5057895989132563
0.5057289706046953
0.5056614626117439
0.5055858997464616
0.5055008590948274
0.5054045644088206
0.505294702662648
0.5051683467560824
0.5050218865804976
0.5048508710859985
0.5046499543163171
0.5044133507148404
0.5041359389725577
0.5038154974363339
0.5034570535721237
0.5030766566550524
0.5027014026032189
0.5023635846936227
0.5020901220720734
0.501894941736262
0.5017776588201072
0.501727279099279
0.5017280949610576
0.5017642953272857
0.5018227485327408
0.5018940860059281
0.5019729935799728
0.5020567129332615
0.5021442199065203
0.5022350502402138
0.5023280757449372
0.502421410095451
0.502512799286261
0.5025997445834726
0.5026802584834327
0.5027532116625207
0.5028182654673601
0.5028756623032515
0.5029258650253398
0.502969632078454
0.5030080811706686
0.5030421144686339
0.5030724667877823
0.5030997044911228
0.5031244674078236
0.5031470848172107
0.5031678182010402
0.5031869287563175
0.5032045751378256
0.5032210709665106
0.5032365336607685
0.5032510530899744
0.503264723964169
0.5032775833969272
0.5032897332736243
0.5033012601495787
0.5033122167875579
0.5033225808335422
0.503332348497273
0.5033416126020426
0.5033502003499951
0.5033581958124324
0.5033657959597689
0.5033728469590488
0.5033793915755675
0.5033854595675114
0.5033909501244493
0.5033958389911627
0.5034003083072094
0.5034043975847801
0.5034077979149606
0.5034109584840998
0.5034136714247038
0.5034158165368701
0.5034177560382749
0.5034194175324908
0.5034203822319501
0.5034212205762852
0.503421789930535
0.5034217616343649
0.5034215761897844
0.5034213452159342
0.5034204541189427
0.5034195677081424
0.5034189298782259
0.5034176132955067
0.5034162880261371
0.5034150821746782
0.503413383329662
0.5034116607627959
0.5034104636969658
0.5034088776934194
0.5034074310883772
0.5034066666565307
0.5034055598239924
0.50340455895589
0.5034042488668997
0.5034038228609844
0.5034035298791655
0.5034038790554122
0.5034043837185087
0.5034050079278747
0.5034062305947906
0.5034078190110735
0.5034096165086686
0.5034119959980934
0.5034148976927131
0.5034181073611146
0.5034216729921316
0.5034260321953195
0.5034306484659503
0.5034354743644971
0.5034413291728583
0.5034475016641614
0.5034539769503148
0.5034615123177559
0.5034695592997798
0.5034778959581316
0.5034873507264919
0.5034976372560187
0.5035081304970771
0.503519415514285
0.5035315433519082
0.5035442710371358
0.5035577150013175
0.5035721579521342
0.503587054822289
0.5036023967010824
0.5036186339268688
0.5036350284610466
0.503651355062334
0.5036677940617156
0.5036836060065535
0.5036972633745123
0.5037079276660112
0.503714212196917
0.5037134111360118
0.5037029406890886
0.5036802805693532
0.5036426592098523
0.503588361835864
0.5035176881549531
0.5034334243231907
0.5033403240386205
0.5032440656787519
0.5031497403281664
0.5030612680301834
0.5029810010931872
0.5029097198826344
0.5028473566534799
0.5027932344049798
0.5027464989238987
0.5027063823519992
0.5026721588033377
0.5026431045294283
0.5026185483989687
0.502597945250702
0.5025808593601265
0.5025669143590007
0.5025557606085232
0.5025470705804544
0.5025405169387533
0.5025357853597253
0.5025326544626733
0.5025309537171904
0.5025305065488584
0.5025311345311563
0.5025326810821049
0.5025350969272492
0.5025383082219644
0.5025420856637643
0.502546329898901
0.5025510310309782
0.5025559993653789
0.5025611280312043
0.5025664825751354
0.5025720009406086
0.5025776293863048
0.5025834542553539
0.5025894328723461
0.5025955063281471
0.5026017537380029
0.5026081272193164
0.502614520381248
0.502620945735415
0.5026273536676783
0.502633616698662
0.5026397302262545
0.5026457459667016
0.5026516103900801
0.5026573381933427
0.5026630171616449
0.5026685622343963
0.5026739875673651
0.5026794983608439
0.5026850823758139
0.502690686138372
0.5026964286649692
0.5027023080546771
0.5027082470511263
0.5027142432621698
0.5027202068066999
0.5027260643242999
0.5027318635237382
0.5027376127064728
0.5027432639495089
0.5027487396708948
0.5027540276952561
0.5027591566537406
0.5027640405475922
0.5027687131747807
0.5027733306009339
0.5027778481309622
0.5027822046937913
0.5027864665989278
0.502790664279104
0.5027948520885822
0.5027990334928031
0.5028031052445371
0.5028071177725247
0.5028111664810436
0.5028151766769432
0.5028190965133813
0.5028229974273317
0.5028269213383918
0.5028307690024815
0.5028344858562359
0.5028381756868785
0.5028418670266198
0.5028455012330709
0.502849133777727
0.5028528415870629
0.5028565777357942
0.5028603301498457
0.5028641438257971
0.5028679648715961
0.5028717620733457
0.5028756102884986
0.5028795235017536
0.5028834198185228
0.502887273862185
0.5028911039293477
0.5028949005627424
0.5028986567106472
0.5029023745798449
0.5029060684653667
0.5029097045808001
0.5029132584997486
0.5029168061234492
0.5029203417873845
0.5029237818724407
0.5029271753616552
0.5029305704628292
0.5029339147658202
0.502937216757572
0.5029405122762739
0.502943806498981
0.5029471390246787
0.5029505452588443
0.5029540079731557
0.5029574853306937
0.5029609578390122
0.5029644355898576
0.5029679036088431
0.5029713326159507
0.5029747307646606
0.5029780984365015
0.5029814239076832
0.5029847354761163
0.5029880565257114
0.502991372071774
0.5029946604450132
0.5029979191063015
0.5030011669316762
0.5030043565779774
0.5030074494976098
0.5030105394668655
0.5030136554159054
0.5030167187250811
0.5030197395264092
0.5030227617363583
0.5030257761511326
0.503028797482512
0.5030318552912169
0.503034980959413
0.5030381912710709
0.5030414212114177
0.5030446386731067
0.5030478882693884
0.5030511290366232
0.5030543224808903
0.5030575373761365
0.5030607428750652
0.5030638725779519
0.5030669923435896
0.5030701203514466
0.5030732082370142
0.5030762534807901
0.5030792327860306
0.5030821525050374
0.5030850555617932
0.5030879337803995
0.5030908095001952
0.5030937329843931
0.5030967030453978
0.5030996725374566
0.5031025937057138
0.5031054776525065
0.5031083497046044
0.5031111782508927
0.5031139521500606
0.5031167162622999
0.50311948099105
0.5031222553198094
0.5031250741243165
0.5031279266880094
0.5031307932895628
0.5031336596689616
0.5031365242421554
0.5031394515400744
0.5031424058731735
0.5031452597380877
0.5031480585061072
0.5031508751890958
0.5031536189558302
0.5031562810957821
0.5031589743431399
0.5031616884358756
0.5031643391953938
0.503166947496514
0.5031695785081856
0.5031722396329031
0.5031749096094248
0.5031775627991179
0.5031801840793714
0.5031827493533779
0.503185247608877
0.503187755499499
0.5031902856505989
0.503192720386536
0.5031950820903602
0.5031975222221327
0.5031999960836382
0.5032023896162341
0.5032047948425147
0.5032072824237798
0.5032097707344734
0.503212223285915
0.5032147264264617
0.5032173405026237
0.5032199712098951
0.5032225265471943
0.5032250290597888
0.5032275022932846
0.5032299080679066
0.50323224235136
0.5032345665975962
0.5032368921659146
0.5032392277119228
0.5032416165703736
0.5032439887914532
0.5032462620364936
0.5032484826237545
0.5032507066943249
0.503252894914947
0.5032549883383499
0.5032570474017357
0.5032591616142736
0.5032613023377457
0.5032634089342171
0.5032654868545068
0.503267559241118
0.5032696284793801
0.5032716809866732
0.5032737097355855
0.5032757583503756
0.5032778371931739
0.5032798955289638
0.5032819495818822
0.5032840292960793
0.5032861013655912
0.5032881925265574
0.5032903333575558
0.5032924536246801
0.5032945263863515
0.5032965869933834
0.5032986410128444
0.5033006803173395
0.5033027023183188
0.5033047368775163
0.5033068055134825
0.5033088548603069
0.5033108608271666
0.5033128530564808
0.5033148285335038
0.5033168316565438
0.5033188838832169
0.5033209061544643
0.5033229406570922
0.5033250750961158
0.5033272380966962
0.5033293658046112
0.5033314686855304
0.5033335496845586
0.5033356294304181
0.5033376945769563
0.5033397178316549
0.5033417500579007
0.5033437938281108
0.5033457917457836
0.5033477608963701
0.5033497205189029
0.5033516583735884
0.5033536132027643
0.5033555900935742
0.5033575510240833
0.5033595252940933
0.5033615299745028
0.5033635520230214
0.5033655892659642
0.5033676154694446
0.5033696085713419
0.5033715339880086
0.503373400417514
0.5033753019630814
0.5033772724869028
0.503379265412668
0.503381234117802
0.5033831705909504
0.5033851280488187
0.5033871049019406
0.5033890247512502
0.5033909160783698
0.5033928542436816
0.5033947986412611
0.503396677244321
0.5033985052971603
0.5034003451344184
0.503402216926044
0.5034040931573021
0.503405953026892
0.5034078180046813
0.5034097078809783
0.5034116094100284
0.5034135173764688
0.5034154411646187
0.5034173756744471
0.5034193089999314
0.5034212807941626
0.5034233437029535
0.5034254553302729
0.5034275354978995
0.5034295700615308
0.5034315618424952
0.5034335018225152
0.5034353701504868
0.5034371870930057
0.5034390753564674
0.5034410253642567
0.5034428848252537
0.503444714169688
0.5034466279882399
0.5034485562430996
0.5034504685958521
0.5034523753919936
0.5034542609769015
0.5034561888525618
0.5034581345225055
0.5034600223031959
0.5034619594257043
0.5034639806307436
0.5034659578709597
0.5034678787430371
0.5034698068089827
0.5034717430462105
0.5034736603883978
0.5034755292202842
0.5034773733172586
0.5034792352968763
0.5034810595613141
0.5034828183046014
0.5034845608051646
0.5034862914596736
0.5034880448001666
0.5034898646426048
0.5034917042189847
0.5034935668699102
0.5034954902156015
0.5034974329200287
0.503499368477141
0.5035012901957957
0.5035032036668626
0.5035051249750511
0.5035070067489463
0.5035088432347976
0.5035107304713224
0.5035126758356405
0.5035145715268977
0.5035164468351677
0.5035184262473489
0.5035204638628514
0.5035224324757784
0.5035243092961094
0.5035261769287491
0.5035280815952984
0.5035299245429576
0.503531677154251
0.5035334825054288
0.5035353773974104
0.5035372598110438
0.5035391139813372
0.5035410069103579
0.5035429167995543
0.5035447807943413
0.5035466531353616
0.5035486010075341
0.5035505952500554
0.5035525805118555
0.5035545579744732
0.5035565920513242
0.5035586753707715
0.5035607398877795
0.5035627689567604
0.5035647488648536
0.503566696883433
0.503568672929928
0.5035706644198823
0.5035726175513225
0.503574555382063
0.5035765097344325
0.5035784574394109
0.5035804221283913
0.5035824239175034
0.5035843831271822
0.5035863095068546
0.5035882795436729
0.5035902211743044
0.5035921046445764
0.5035940192413122
0.5035959769934941
0.5035979429311271
0.5035999006980969
0.5036018549438296
0.5036038472759111
0.5036058404884267
0.5036077447850963
0.5036096316664296
0.503611604967743
0.5036135973059431
0.5036155322457385
0.503617476448013
0.503619514047494
0.5036215559377613
0.5036234653019338
0.5036253106454295
0.5036272345060111
0.5036292198130594
0.5036311360556679
0.5036329356956449
0.5036347308604104
0.5036366117347361
0.503638484204584
0.5036402266179667
0.503641948039935
0.503643805545416
0.5036456758669949
0.5036474140002777
0.5036491435414286
0.5036509877578421
0.503652831390653
0.503654538180754
0.5036562075086094
0.5036580049541052
0.503659901759562
0.5036617712293532
0.5036635806341262
0.503665426647426
0.5036673531717055
0.5036692506698132
0.5036710670073881
0.5036728939265529
0.503674789798688
0.5036766569379938
0.5036784128282901
0.5036801539921998
0.5036819645516531
0.5036837553434534
0.5036854571613494
0.5036871377864969
0.5036888502815203
0.5036905800751835
0.5036923087721161
0.5036939988171535
0.5036956751766061
0.5036974066055541
0.5036991140318001
0.5037007275013068
0.5037023267272724
0.503703946152295
0.5037055544684195
0.5037071568937691
0.5037087723683739
0.5037104160284356
0.5037120779727455
0.5037137325141999
0.5037154139662694
0.5037171314150611
0.50371883142751
0.5037204984575727
0.5037220971214446
0.5037235881896545
0.5037250455616586
0.5037265519471257
0.5037280859440336
0.5037296141222349
0.5037311516231391
0.5037326906938515
0.503734222242275
0.5037357697375693
0.5037373126255966
0.503738817482814
0.5037403251286546
0.5037418166315049
0.5037431944335038
0.5037445032060716
0.5037458403502382
0.5037471767994833
0.5037485109103871
0.5037499006021439
0.5037513021452792
0.5037526533391147
0.5037539548036974
0.5037552075666824
0.5037564494137748
0.5037576885855617
0.5037588683388508
0.5037600539545558
0.5037613157890022
0.5037625485465291
0.5037637115907063
0.5037648990279401
0.5037661214232033
0.5037673213123763
0.5037684885146338
0.5037696592546014
0.503770868079215
0.5037720857246225
0.5037732648138211
0.5037744251687427
0.503775614046814
0.503776824094338
0.5037779983441728
0.5037791396669493
0.5037802759723409
0.503781364780174
0.5037823901205348
0.5037833784343801
0.5037843306897195
0.5037852593568977
0.5037862118079409
0.5037871961667076
0.5037881742565449
0.5037891678540568
0.5037902128019345
0.5037912728348644
0.5037923099289691
0.5037933243457574
0.5037943208216367
0.5037952727262289
0.5037961655504626
0.5037970410820393
0.5037978936276892
0.5037986772862594
0.5037994347543429
0.5038001755209159
0.5038008290727197
0.5038014477273108
0.5038021142435858
0.5038027789951455
0.503803428524134
0.5038041051516161
0.5038047739739834
0.5038054168501108
0.5038060257432303
0.5038065953381284
0.503807221332037
0.5038079134790472
0.5038085732229631
0.5038092317123268
0.5038099356706253
0.5038106047972246
0.5038112236797793
0.5038118546176045
0.5038124779963404
0.503813078153208
0.5038136914345348
0.5038143273411688
0.5038149618780374
0.5038155519514455
0.5038161108672625
0.5038166721505345
0.5038172026811814
0.5038176935086258
0.5038181744036248
0.5038186896708342
0.5038192455140521
0.5038197673252349
0.5038202643638693
0.5038207802395533
0.5038212599206289
0.5038216963377313
0.5038221203934352
0.5038225008057398
0.5038228387729777
0.5038231830779728
0.5038235222011918
0.5038238214433494
0.5038241242866071
0.5038244565028326
0.503824784610035
0.503825118273438
0.5038254649141972
0.5038258157926366
0.5038261901462875
0.5038265447792768
0.5038268288082848
0.5038271003609908
0.5038273896957132
0.5038276267179446
0.5038278380440995
0.5038281225766041
0.503828443091278
0.5038287539606054
0.5038290798042538
0.5038294023960546
0.5038297346171051
0.5038300801956487
0.503830382527864
0.5038306827570587
0.5038310228005649
0.5038313109277298
0.5038315422365148
0.5038317867374238
0.5038320009965387
0.5038321886810926
0.5038324138476693
0.503832636998031
0.5038328484023119
0.5038330800887891
0.5038332914583584
0.503833475563976
0.5038336816795734
0.5038339161889349
0.5038341297129662
0.5038343058088179
0.5038344857394091
0.5038346473135282
0.5038347365278716
0.5038348097350976
0.5038349228125243
0.5038350330905342
0.5038351484216128
0.5038353154119152
0.5038354981955318
0.5038356345593676
0.5038357295435738
0.5038358320030237
0.5038359405540419
0.5038360229830953
0.5038360992352158
0.5038361863233157
0.5038362516786679
0.5038363112651338
0.5038363953685796
0.5038364748362234
0.5038365568948834
0.5038366340444992
0.5038366538627552
0.503836652830703
0.5038366648433427
0.5038366756897004
0.5038367200627699
0.5038367826020386
0.5038368158301432
0.5038368750901481
0.5038369958260357
0.5038371089785716
0.5038371718201222
0.50383718527464
0.5038371773311242
0.5038371729182957
0.5038371330880442
0.5038370773394285
0.5038370367271375
0.5038369575432187
0.5038368763796834
0.5038368623986867
0.5038368622523118
0.5038368517242316
0.5038368723414572
0.5038369114873689
0.5038369543524672
0.5038369960598688
0.5038370065696043
0.5038370198530727
0.5038370537050219
0.50383703711906
0.5038369852161607
0.5038369576338663
0.5038369147259034
0.5038368424883207
0.5038367607061001
0.5038366258451247
0.5038364511734814
0.5038363268178002
0.5038362317069227
0.5038361038731505
0.5038360001254885
0.5038359215255316
0.5038357938467887
0.5038356705421634
0.5038355981791289
0.5038355192746569
0.5038354441272833
0.5038353700339966
0.5038352297229483
0.5038350827242032
0.5038349747257501
0.5038348085636155
0.5038346091773673
0.5038344587485742
0.5038343037053792
0.5038341635559551
0.5038341155856512
0.5038340777965782
0.5038340084344383
0.5038339903292852
0.5038339957368357
0.5038339504920666
0.5038338561092403
0.5038336983486343
0.5038334607720114
0.5038331823524945
0.5038329168494909
0.5038326804749956
0.5038324723163742
0.5038323080563573
0.5038321539962832
0.5038320040960885
0.5038319344429188
0.5038318947285239
0.5038317725412222
0.5038316389149229
0.5038315601037836
0.5038314696314558
0.503831376696807
0.5038313042584454
0.5038311999310953
0.5038310667227458
0.503830913048441
0.5038307016275069
0.5038304643354398
0.5038302616159479
0.5038300747017871
0.5038298684511109
0.503829681676185
0.503829537970416
0.5038293913667401
0.5038292122133361
0.503829005312801
0.5038287799512506
0.5038285377527908
0.5038282658874886
0.5038279741738455
0.5038277320224002
0.5038275550622734
0.5038273650058483
0.5038271780142779
0.5038270458652813
0.5038269019149729
0.5038267319793733
0.5038265574173612
0.5038263303802598
0.5038261038310873
0.5038259256090935
0.5038256993598611
0.5038254257559379
0.5038251716618523
0.5038249241995455
0.503824706670322
0.5038245182478008
0.5038242975726375
0.5038240890717799
0.5038239466156055
0.5038238102668533
0.5038236733931523
0.5038235789441907
0.5038234775264409
0.5038233272539493
0.5038231773874503
0.5038230343364136
0.5038228372433391
0.5038226026588497
0.5038223901746693
0.5038221774033453
0.5038219325580658
0.5038216901481889
0.5038214652391485
0.5038212235910231
0.5038209559072395
0.503820713961473
0.5038205057693206
0.503820252819317
0.5038199648890983
0.5038197174255921
0.5038194774380452
0.5038192245880782
0.5038189806547778
0.5038186945286399
0.5038184068898213
0.5038181835020423
0.5038179298173161
0.5038176433393552
0.5038174112266063
0.5038171614475734
0.5038168647964152
0.5038165975757052
0.5038163223122456
0.5038160353198792
0.5038157836620896
0.5038154856209922
0.5038151595543662
0.503814873727129
0.503814503619262
0.5038140781615639
0.5038137454502483
0.503813400887011
0.5038129888033775
0.503812634965771
0.5038123189208885
0.5038119730386925
0.5038116500719422
0.5038113440761721
0.503811004609127
0.5038106986870274
0.5038104698224231
0.5038102165975242
0.5038099063737024
0.5038096181144219
0.5038093206457376
0.5038089407976039
0.5038085347597083
0.5038081337584635
0.5038077192844023
0.5038073567507699
0.5038070432598196
0.5038067180211366
0.5038064044799506
0.5038060713025596
0.5038056854920342
0.5038053018781399
0.5038048989018185
0.5038044641904118
0.5038040886029158
0.5038037514105049
0.5038033493832971
0.5038029035255974
0.503802458091896
0.5038020128771927
0.5038015708376832
0.50380110999856
0.50380064035182
0.5038001587381506
0.5037996239810015
0.5037990891976726
0.5037985731430275
0.5037980066225722
0.5037974291869319
0.5037968916737893
0.5037963343568856
0.503795769561669
0.5037952317100272
0.5037946592635275
0.5037940777791882
0.5037935501399442
0.5037930146481882
0.5037924272940659
0.5037917935963023
0.5037911202696413
0.5037904324454288
0.5037897206306609
0.5037889820299295
0.5037882503846725
0.5037874998394196
0.5037866646288085
0.5037857668755197
0.503784886401515
0.5037840081888026
0.5037830490432247
0.5037820334451517
0.5037810090619403
0.5037799354693424
0.503778832751425
0.5037777474753313
0.5037766265324333
0.5037754595173901
0.5037742965680397
0.5037731101047469
0.5037718658109764
0.5037705581355474
0.5037691676915372
0.5037677209914159
0.5037662237820691
0.5037646589479531
0.5037630851857068
0.5037614832113181
0.5037597735273719
0.5037580046719018
0.5037562033607115
0.5037543280002794
0.5037524093790517
0.5037504775429968
0.5037485114759026
0.5037464899063884
0.5037443985636337
0.5037422502366443
0.5037400429793667
0.503737756154735
0.5037353985145469
0.5037329464337863
0.5037303883250742
0.5037277541416229
0.5037250066450376
0.5037221508625808
0.5037192215415637
0.5037161558424511
0.5037129639354572
0.5037097018409862
0.503706349100416
0.5037029222663894
0.5036994128290178
0.5036957710073195
0.5036920277428548
0.5036881601132984
0.5036841237837414
0.5036800235416496
0.5036758413092987
0.5036714459665075
0.5036669368750913
0.5036623854981432
0.5036576646584973
0.5036527864366657
0.5036478155993936
0.5036426712675972
0.5036373439367066
0.5036318895257671
0.5036262617935179
0.5036203964156718
0.5036143309601456
0.503608108165773
0.5036016314962103
0.5035948509928649
0.5035878438742671
0.5035805465685326
0.5035728698234352
0.503564874166948
0.5035565246761114
0.5035478039691279
0.503538790229592
0.5035293709617866
0.503519495614961
0.5035092125107073
0.5034983299513737
0.5034867848949296
0.5034746440147787
0.5034616809865615
0.5034477624925003
0.5034328326177833
0.5034165292401025
0.5033985210220799
0.5035168724149597
0.50363356612569
0.503748956350688
0.5038633454551685
0.503976805772954
0.5040894355136746
0.5042013612550886
0.5043126535706263
0.5044233850180564
0.5045335012999776
0.5046429384142419
0.5047518166858543
0.5048602038055169
0.5049680839225276
0.5050754724354745
0.5051823892605267
0.5052888953574493
0.5053949342801543
0.5055004644242138
0.505605594508154
0.5057102222312174
0.5058143008428351
0.5059179973391944
0.5060212125217002
0.506123917342364
0.5062262545574571
0.5063280715648144
0.5064293674022695
0.5065302569066612
0.5066306298744079
0.5067306330350587
0.5068303141461219
0.5069294929870422
0.5070283095717094
0.5071267362602014
0.5072246762704441
0.50732229104132
0.5074194762578671
0.507516146123165
0.5076123764479864
0.5077081013449993
0.5078034129635491
0.507898299480448
0.507992669165992
0.5080866872056083
0.5081802009832086
0.5082731402306744
0.5083656803558338
0.508457630389674
0.5085490732953261
0.5086400720919692
0.5087304397548418
0.5088203948794914
0.5089098209929173
0.5089986619344534
0.5090870884086012
0.5091748615688245
0.5092622737816077
0.5093492714939948
0.5094355396289899
0.5095214720677409
0.5096067858980998
0.5096915318824677
0.5097758269304814
0.509859284792256
0.5099423168732493
0.5100246696635063
0.5101062655012406
0.5101872786814361
0.510267494976916
0.5103471617373828
0.5104258410569095
0.5105038677850171
0.5105809799210974
0.5106571033467493
0.5107323229483707
0.5108063079066825
0.5108797296558463
0.5109516395009186
0.5110226675024097
0.5110920519102483
0.5111602128450047
0.511226949278976
0.5112922138566698
0.5113560317567325
0.5114180163468556
0.5114782595444113
0.5115364779016631
0.5115923180122145
0.5116457864963944
0.5116963262247395
0.5117439834238295
0.5117881722387269
0.5118293257622986
0.5118667252268387
0.5119003207167381
0.5119293157640802
0.5119527705005624
0.5119710335024076
0.5119827857610184
0.5119878410189145
0.5119860322001706
0.5119758638360923
0.5119574168491122
0.5119282308027311
0.5118867907124546
0.5118330002484277
0.5117653080937323
0.5116828840896324
0.5115862735603125
0.5114746398781439
0.5113455307728693
0.5111988995753238
0.5110353515087422
0.5108559129683173
0.5106611771530255
0.5104545655904552
0.510238029365148
0.5100153585324465
0.509791799515847
0.5095754193642843
0.5093769434309541
0.5092053224383114
0.5090699726043717
0.5089818270945614
0.5089506590595874
0.5089841068343993
0.5090923433455934
0.5092824673489961
0.5095539511136417
0.5099092599340579
0.5103480257375933
0.5108657216292563
0.5114576618295865
0.5121221738867007
0.5128552709746136
0.5136520195513817
0.5145045785257112
0.5154134194658566
0.5163753864953667
0.5173849084243451
0.5184453085664399
0.5195623920951544
0.5207344851968303
0.5219611359241304
0.5232504949073504
0.5246150198295952
0.5260338269961595
0.5275226665973947
0.5290909783541162
0.530736321965622
0.532469099525282
0.5342832934767928
0.5361874941741787
0.5381828149509241
0.540279108599712
0.54247488171527
0.5447799607413085
0.547192763317976
0.5497200077717714
0.5523642381589481
0.5551202916365341
0.5580008630220263
0.5610139178372048
0.5641450613268568
0.5674006174456606
0.570790378636114
0.5743034476954096
0.5779435924878017
0.5817002363501427
0.5855673324671644
0.589534724319819
0.5941739599760495
0.5995425765272987
0.6000163290843329
0.6000163290843329
0.6000163290843329
0.6000163290843329
0.6000163290843329
0.6000163290843329
0.6000163290843329
0.6000163290843329
0.6000163290843329
0.6000163290843329
0.6000163290843329
0.6000163290843329
0.6000163290843329
0.6000163290843329
0.6000163290843329
0.6000163290843329
0.6000163290843329
0.6000163290843329
0.6000163290843329
0.6000163290843329
0.6000163290843329
0.6000163290843329
0.6000163290843329
0.6000163290843329
0.6000163290843329
0.6000163290843329
27.697892085289908
27.697927407504668
27.69802806314058
27.69819977616958
27.69843141660262
27.69873323537721
27.699114339500152
27.69953592145754
27.70003461759025
27.70058855153493
27.70121298749043
27.70193006768526
27.70269922449738
27.703526675167154
27.704408010672637
27.705368278780746
27.70639057504449
27.707496132954102
27.7086720222013
27.709913457799644
27.711225448951282
27.712585554284484
27.714027016113434
27.715517999140005
27.717092313222658
27.718732382811424
27.72042955491264
27.722203521803703
27.724049284219635
27.725975452556682
27.72794921192657
27.729988624941715
27.732099548251405
27.734294917069214
27.736539907279443
27.738837295882853
27.741219364483374
27.743681948520113
27.7462088142309
27.748788154407983
27.751429724730524
27.754133294902797
27.756924428492376
27.759788705098696
27.762690721272598
27.765667211094797
27.76869330959617
27.771799143225913
27.774966359271865
27.77820025400396
27.781483846780926
27.78484294454435
27.78828390926278
27.79176454501787
27.795305366198914
27.79891186213258
27.802579426532688
27.806309100974367
27.81009344119308
27.813927281506288
27.81782593895186
27.821820572952195
27.825874985598517
27.82996647853225
27.83410351980272
27.838332262079806
27.84261555900222
27.846945783423738
27.851349893198112
27.855809181805466
27.86035002730781
27.864927512130752
27.869565656279104
27.87424117032175
27.879020879118276
27.88389264601189
27.888810487428177
27.89378415083474
27.8988046127659
27.903916755123404
27.90907292775118
27.914304649457232
27.919612976548958
27.924987810097903
27.93046035526084
27.935957033254244
27.941524180096454
27.947171438734376
27.952935634176796
27.958762466549512
27.964633239296354
27.970613816080526
27.976663278999833
27.982806063347834
27.989018440842973
27.99533547108759
28.001751447652413
28.00825066108273
28.014866979525916
28.021521824768417
28.0283142096688
28.035214620738934
28.04222710004088
28.04932105229086
28.056518406329463
28.06385011251093
28.07128923086489
28.078855445828037
28.08649725472982
28.094244859617433
28.102101804442604
28.11006389395429
28.118122763728316
28.126239985864714
28.134485528040024
28.14279296805524
28.1511826621186
28.15963570367089
28.16818232592295
28.17681306047305
28.18548248445974
28.194240574715476
28.20305029752652
28.21196607664059
28.22094388033381
28.229961796338486
28.239059151232127
28.24823155516158
28.257483771491227
28.26677719541018
28.276151243316416
28.28559886661872
28.29512524963134
28.30472928227647
28.31438404405334
28.32413331854937
28.333941128165947
28.343823411518265
28.35377848158006
28.363821889579313
28.37397039966347
28.384174195151964
28.394447858733933
28.40480577522756
28.41526593285483
28.425782231738374
28.4363827289782
28.4470643289888
28.457816778782398
28.468663701610684
28.479566712582006
28.490579368667586
28.501670246693784
28.512837842288963
28.5240580366973
28.535352872881184
28.546773853519376
28.55825105332116
28.569798515099194
28.581414684323462
28.593135143842364
28.60493411981607
28.616791108333736
28.62873701288476
28.64075946427586
28.65288224510561
28.665067284965758
28.6773124217255
28.689638531107278
28.70207115336773
28.714571243790466
28.72713117486411
28.73978367500556
28.752520023691012
28.765337451365095
28.778219696162083
28.791180792105926
28.804249030976912
28.817383680072115
28.830587060048913
28.843862198674202
28.857259166071874
28.870727940916787
28.884219922311832
28.897810795160773
28.911508984717887
28.92529625274219
28.939131562563738
28.953064414015135
28.967102396162584
28.98119677598571
28.995349533558972
29.00958259955234
29.023935616430748
29.038346294000863
29.052825723193276
29.0674015254191
29.08206631695978
29.09681795303824
29.111618958304057
29.12651776467649
29.1415118030521
29.156589715116567
29.1717594818367
29.187002000287258
29.20233788095192
29.217738659486557
29.233231789341946
29.248799354441015
29.26446044083498
29.28020472033967
29.29603678122816
29.31195422402662
29.327956479844467
29.34406188154716
29.360234971150618
29.376497750659777
29.392863231405315
29.409306727810577
29.42584877004747
29.442452286143954
29.45916702332587
29.47597117523632
29.492863431545928
29.50985808394825
29.526922460795664
29.544103610500947
29.56135730513555
29.57870307364006
29.596148247960258
29.61369897841282
29.631325863762694
29.649028987893583
29.66686397076469
29.6847941876234
29.70279899628945
29.720893611976077
29.739083015366973
29.75738180712227
29.77575520513288
29.794234830982777
29.81281817407925
29.831501340586435
29.850277869829316
29.86914892315289
29.88815000906891
29.907235512804576
29.926411682608304
29.945673265588805
29.9650520487667
29.984530686702886
30.00409729283741
30.023770199410855
30.04355691772823
30.06345418207113
30.083445635099647
30.103547047303827
30.123761536728704
30.144050419975716
30.164431652234104
30.184935408045803
30.205566812229225
30.226280432309178
30.247085128561263
30.268019190609202
30.289042621687653
30.310181969359864
30.33144345089691
30.35279972344575
30.374259455750018
30.39580957113808
30.417488127706104
30.43928169041536
30.461191675941013
30.48319618970173
30.50530426749632
30.527546877075196
30.54989548077561
30.572350750397963
30.594907007613873
30.61758827217776
30.640386658477166
30.663276238524624
30.6863218839429
30.70947771394998
30.73271518531982
30.756085595119718
30.779581559508184
30.803181399919943
30.82687624187277
30.850715178862817
30.87467523884761
30.898750995919695
30.922948347414177
30.94728559984063
30.9717396790364
30.99630680076969
31.02098682848213
31.04578455044127
31.070712234050387
31.09577799370266
31.12095519220772
31.146267936150466
31.171710582970874
31.197284131231292
31.222966964322197
31.248792154546592
31.2747699314956
31.300841175659084
31.327042157012887
31.353405002753227
31.37989191497554
31.40649923984524
31.433245138088594
31.460146446791143
31.487174177303512
31.514323023226318
31.541657804836145
31.569120252443845
31.59670357450554
31.624433534420977
31.652326035499875
31.680381970785014
31.70856856335729
31.736915518871633
31.76543204671775
31.79409301874274
31.822928166329646
31.851943904289314
31.881151776137845
31.910541576255163
31.94014047622426
31.969950796739887
32.00000395450297
32.03035331450449
32.060977859768286
32.09190444517585
32.12316888931955
32.15476183358145
32.18668989289422
32.21892552199708
32.25147160333219
32.28431177543176
32.31743659817227
32.3508566232152
32.38453106344453
32.41845821894276
32.45265761004346
32.48712228963833
32.52185330021272
32.55682346201374
32.5920543527888
32.627550941109845
32.6632891680987
32.69929716788052
32.73554988206927
32.772057918067155
32.80882748558591
32.84587575586429
32.88317010304762
32.920689972614674
32.95846372778428
32.99650240799195
33.03477570026716
33.073312160258496
33.11211443069323
33.151182302226786
33.1904919610786
33.230059949757106
33.26991137642665
33.31000996188121
33.350377888156615
33.3910461618377
33.43196655100181
33.47315085042336
33.514618254270765
33.556384264221336
33.59842152231503
33.64074476552646
33.68335669893748
33.72624697158021
33.769447554519516
33.812943289072905
33.85672656163298
33.90080779273705
33.94521166291837
33.989930494188314
34.034968392876046
34.08031541971263
34.12598393336432
34.17197799582096
34.21830267108001
34.26495052929197
34.31192318073007
34.359262811053284
34.40696651534677
34.455017888546045
34.50340826145496
34.55214978635279
34.60128035823684
34.650801717601844
34.70068551670808
34.750943650355275
34.801585510292846
34.85263247101921
34.9041076134533
34.95598562836341
35.008264227087835
35.06097482867734
35.11411663023391
35.16770879028726
35.2217507561097
35.27625110483999
35.33120679853549
35.38664147342745
35.44256994454863
35.49897451351928
35.555881360751684
35.61332150579008
35.671298057641025
35.729798397920455
35.78883797451055
35.848451907067115
35.90866078369862
35.96947317407138
36.03087435430597
36.09290155917932
36.155591843367255
36.21894461935062
36.28295682516249
36.34766908581091
36.413122658681026
36.47932242914978
36.546275156350376
36.61403936370836
36.682642096852334
36.75207193807079
36.82239747099589
36.89366333216956
36.965898957240576
37.03914669708388
37.11343744725188
37.188819567120035
37.265350635468536
37.343074485337944
37.422067910121186
37.5023634642942
37.584016862315295
37.66707145734835
37.75157479843831
37.83756966831506
37.92501286237958
38.013882535595876
38.10411335019853
38.19550473243823
38.28772720461301
38.38036924606867
38.4728750370957
38.5644480551498
38.654120271844526
38.74083639808083
38.823507755701954
38.901129996042734
38.97292922334239
39.03847070698256
39.097692881168356
39.15086482779988
39.19849830286096
39.24124416902701
39.27979958268078
39.31483722802452
39.3469624967075
39.376692690528465
39.404455777138054
39.430599149361306
39.45540074996817
39.479081081337114
39.50181471787302
39.52374022836141
39.54496826227916
39.56558743863848
39.58566881003145
39.60526954125743
39.62443591670554
39.64320624754521
39.66161328795094
39.679685643643076
39.69744740410106
39.714918957564876
39.7321179152698
39.749059182308315
39.765755510662416
39.78221844359821
39.798458551455006
39.81448581077159
39.83030974362771
39.84593931209929
39.86138266629288
39.876646707072304
39.89173691814504
39.90665838180428
39.92141652063246
39.93601709695096
39.950465652235366
39.964766915727296
39.97892482393552
39.99294286028762
40.00682453198235
40.02057365161734
40.0341942240647
40.047689782336
40.06106338602649
40.07431785861644
40.08745586915003
40.100479836326954
40.11339208468547
40.12619532769831
40.138892287807785
40.15148535705976
40.16397713849815
40.17637002468002
40.18866563883276
40.200865277301546
40.212970610088504
40.22498352029213
40.23690552015601
40.2487380116227
40.26048279957994
40.2721422152442
40.28371836378788
40.295212645073725
40.306625811225054
40.31795835187155
40.329211231194776
40.34038605747388
40.351484665929505
40.36250878057366
40.373459669294895
40.38433802669475
40.395144798011756
40.4058812964801
40.41654857763874
40.42714745850128
40.437678701297855
40.44814308324252
40.45854173261312
40.4688758695771
40.47914666838689
40.48935508483762
40.49950178587674
40.50958734352112
40.51961258493394
40.52957817414089
40.53948467146615
40.54933283561212
40.55912338325868
40.56885709298224
40.578534999094636
40.588157921768364
40.597726503847284
40.607241719021026
40.61670441287823
40.62611513973842
40.63547440898013
40.64478228501547
40.654038654117755
40.663243833419806
40.67239845591758
40.681503725105
40.69056091912531
40.69957063277317
40.70853296922043
40.71744806689753
40.726316118975404
40.73513746194224
40.74391262604245
40.752642237745384
40.76132731842696
40.76996907025725
40.77856820155642
40.78712443060349
40.79563696817893
40.80410557840118
40.81253106922253
40.82091457413479
40.8292572888805
40.83755996242638
40.845822740063234
40.85404544639954
40.862228179764216
40.87037128087778
40.87847510503138
40.88654021500185
40.894567139047
40.90255588788719
40.91050620624252
40.9184182408011
40.92629275984678
40.934130906646025
40.94193353756073
40.949700751091356
40.957432144289676
40.96512754961271
40.97278732630943
40.98041177092388
40.9880012260736
40.99555616165178
41.00307685371055
41.01056400810346
41.018018480549024
41.02544035401456
41.03282939126457
41.04018529329163
41.047507810412
41.05479723852416
41.06205432115435
41.06927995991394
41.076474574222665
41.083637903576125
41.09076961843465
41.09786994268512
41.10493939321184
41.11197870447154
41.1189886438183
41.125969337064205
41.13292039717732
41.139841541217066
41.1467327066086
41.15359412256029
41.16042641896877
41.16723054608075
41.174007329489385
41.18075676456752
41.18747826731135
41.19417149148302
41.200836485356575
41.20747321231631
41.21408138790827
41.220661182937306
41.22721350163348
41.23373972166763
41.240240830570535
41.246716689074084
41.25316645572663
41.259589399863806
41.26598542344817
41.272354975746985
41.27869873950945
41.285017557839915
41.2913120786369
41.29758235760179
41.30382790061237
41.31004805064
41.31624268398887
41.32241252018074
41.32855824118469
41.33467990001935
41.34077725983051
41.34685022792912
41.35289902806173
41.358924443396056
41.36492671618561
41.370905648753535
41.37686156069903
41.38279486409923
41.38870560094653
41.394593659036026
41.40045877574742
41.40630069168316
41.41211955032872
41.41791584062164
41.423689957636356
41.42944239526979
41.435173608466556
41.44088338702895
41.44657116883426
41.45223668112185
41.457879856531136
41.46350128037688
41.46910183891734
41.474682079200136
41.480241985917985
41.485781609512706
41.491301301622066
41.4968010624467
41.502280076313006
41.50773757253823
41.5131735540826
41.518588416019746
41.5239828792464
41.529357948190416
41.534714293903164
41.54005187655871
41.545370283581335
41.55066895034739
41.555947496283096
41.561206115560246
41.566445466998296
41.57166594492609
41.57686748796663
41.58205000307105
41.58721333047442
41.59235742850019
41.5974826176777
41.6025894191678
41.60767822195802
41.61274893819339
41.617801404371185
41.6228356413152
41.627851478792564
41.6328486155832
41.63782719879359
41.64278812596796
41.64773238740712
41.65266007717721
41.65757090389642
41.66246403751128
41.66733857011721
41.672194549493355
41.677032658008876
41.68185360109886
41.68665798984154
41.69144596471967
41.6962170916684
41.70097116162735
41.70570829669893
41.710428567325216
41.71513213518733
41.719819147604746
41.724489635246336
41.72914379461299
41.73378171496971
41.738403327933895
41.74300868303124
41.74759804452621
41.752171393880076
41.756728816267604
41.761270780064756
41.765797440678085
41.77030838581504
41.77480316737642
41.77928192328409
41.78374504702587
41.78819272841094
41.7926247396911
41.79704087954575
41.801441588536925
41.805827317574085
41.81019839624779
41.81455487067625
41.81889639876533
41.82322250107283
41.82753306801672
41.831828741283545
41.83611010258126
41.84037722401794
41.844629751246394
41.8488673566755
41.85308998900951
41.85729766376847
41.861490784584426
41.86566988012901
41.86983535596206
41.87398707737261
41.87812464811997
41.88224784990501
41.88635655816566
41.890450967918675
41.89453139491058
41.89859810187093
41.90265112704412
41.906690382729025
41.91071584654624
41.914727574453146
41.918725463328336
41.922709590654556
41.92667980682875
41.930636089221
41.93457886638679
41.93850898179024
41.9424269583574
41.94633258805934
41.950225015530506
41.954103556549285
41.9579682897771
41.961819304016004
41.9656567127371
41.96948084459829
41.973292500565584
41.977092439339124
41.98088047912491
41.9846562075838
41.988419142919966
41.99216861626225
41.995904120545745
41.99962595453895
42.00333497840817
42.00703199659437
42.01071745732284
42.01439109596239
42.01805248548187
42.0217015312596
42.025338319371045
42.02896299312251
42.03257568421556
42.03617630819419
42.03976480061565
42.04334103078879
42.0469049917053
42.05045683751984
42.053996695497446
42.057524595883464
42.06104078570934
42.06454560899391
42.06803900219529
42.071520730585256
42.0749903582621
42.07844778645691
42.081893473182184
42.08532773801225
42.088750528784374
42.09216185459867
42.095561875140994
42.09895079211382
42.102328481064575
42.10569450275693
42.10904857238687
42.112391020110465
42.115722563968845
42.1190438458434
42.122354817245224
42.125655113054485
42.12894431053423
42.13222200240981
42.13548817933678
42.13874312289844
42.14198685788692
42.14521930988927
42.14844055048907
42.1516505938916
42.154849507548384
42.15803764195874
42.16121556297824
42.164383707244184
42.16754182103134
42.17068940409432
42.173826245148526
42.1769524613038
42.18006828589607
42.183173419004554
42.186267389767956
42.189350156465544
42.19242247922962
42.19548505547817
42.19853813076219
42.20158142538186
42.20461451223207
42.20763733217693
42.2106501818264
42.21365287003035
42.216644678829546
42.21962536093706
42.22259533661691
42.225555210133926
42.22850542446492
42.23144600754061
42.234376911839
42.237298285842584
42.24021044512286
42.243113521295925
42.24600719017984
42.248890745145424
42.25176373465187
42.25462590501958
42.25747731223261
42.26031836438892
42.263149787176964
42.26597240887785
42.26878627286544
42.27159079888455
42.27438561318955
42.27717108858698
42.27994780956478
42.282715905285926
42.28547466632545
42.288223183129816
42.29096111259154
42.29368865413265
42.296406281938985
42.29911441603143
42.30181360404782
42.30450450521579
42.3071873725688
42.309861582585384
42.31252627751718
42.315180943515436
42.31782557615558
42.32046051266668
42.32308635042983
42.325703695116786
42.32831271168273
42.330913225280774
42.33350447452757
42.33608594637966
42.33865813208698
42.341221708645634
42.343776946875714
42.34632359155874
42.34886114360641
42.351389420968005
42.35390871100299
42.356419279970275
42.35892126234364
42.36141474472379
42.363899424796664
42.36637497543607
42.36884134648387
42.37129873641039
42.373747418132346
42.37618753507917
42.37861918626854
42.38104268293321
42.38345810634353
42.38586535748529
42.38826426255182
42.39065461817491
42.393036132309675
42.3954085601172
42.39777204231911
42.4001268666365
42.40247315004683
42.404811135906634
42.40714121679609
42.40946331378856
42.41177735564203
42.41408325801899
42.416380639762245
42.41866947194418
42.42095006790532
42.423222496294905
42.425486818666165
42.42774292162737
42.42999065531036
42.43222998618646
42.43446094407056
42.43668349145006
42.43889768444329
42.44110383656628
42.44330223021562
42.44549298308524
42.44767603738272
42.4498511691116
42.45201832733457
42.454177714879336
42.456329320320464
42.45847314920812
42.46060923360211
42.462737097159824
42.4648564116057
42.466967329691265
42.46907008546815
42.4711648198283
42.47325155704461
42.47533046029211
42.477401794143354
42.479466296692195
42.48152430561803
42.48357508506719
42.48561760142548
42.48765109975191
42.48967548313884
42.491691587205466
42.49370042206069
42.49570248333184
42.49769783551463
42.49968629916097
42.50166744135498
42.50364084782815
42.50560605836555
42.50756263886149
42.509510827111896
42.51145153070023
42.51338538470051
42.515312488049766
42.5172324769497
42.51914493612623
42.52105010523963
42.52294849186122
42.5248400089954
42.52672392992575
42.5285995452987
42.530466771440736
42.532326176721234
42.534178355472946
42.536023705332006
42.53786243393092
42.53969440937988
42.541519171771895
42.54333625273584
42.54514548314322
42.546947130572654
42.54874185728942
42.55053010471777
42.55231178944282
42.554086449767716
42.555853463243324
42.5576126578756
42.5593640150041
42.561107885280336
42.56284461947657
42.56457449788525
42.56629799686815
42.568015298091176
42.569726119643235
42.571429862885246
42.57312597996306
42.57481420553815
42.576494842256665
42.578168373915084
42.579835050442924
42.58149507492035
42.583148628088935
42.58479580170248
42.58643635516025
42.588069844635896
42.58969640095307
42.591316319811504
42.5929294661616
42.5945355038745
42.596134125065284
42.59772542475671
42.599309982932425
42.60088812282038
42.602459925354275
42.60402510540385
42.60558356492654
42.60713541450626
42.60868055488902
42.610218871109105
42.61175012950008
42.61327396247767
42.61479055099029
42.61630032169476
42.61780390089698
42.61930186633829
42.62079398778586
42.62227982113163
42.62375872941044
42.62523022251768
42.626694478204215
42.62815167452405
42.629601890818556
42.631045374204525
42.63248238746009
42.6339134940219
42.635339246865996
42.63675949530236
42.63817346230313
42.63958031397041
42.64097944858767
42.64237083938504
42.64375528702111
42.64513378757761
42.64650687990689
42.64787440423054
42.649235700488376
42.650590240288004
42.651938049380455
42.65327941538566
42.65461467610804
42.65594392523071
42.657266774747484
42.658582965662355
42.65989227966456
42.66119477880807
42.66249070654486
42.66378041906544
42.66506429713611
42.666342418878536
42.66761420970442
42.66887910550572
42.67013706053032
42.671388594146904
42.67263432175663
42.67387466576387
42.67510941206959
42.67633801594847
42.677560009633396
42.67877509453422
42.679983709208784
42.681186260829165
42.68238283229198
42.68357353941124
42.68475817413906
42.68593658827676
42.68710891330101
42.68827489298621
42.68943418552059
42.690586892117835
42.69173330514506
42.69287412088364
42.69400989758626
42.69514005808995
42.69626381289093
42.69738082000559
42.69849112816446
42.69959534646503
42.70069384965803
42.70178664609233
42.702873747152545
42.70395494472885
42.705029794777964
42.70609807831278
42.707160158763855
42.708216540077764
42.709267373567315
42.71031229781593
42.71135104414696
42.712383582091455
42.713410103549
42.71443071332941
42.715445168653496
42.716453182791156
42.71745464170337
42.7184497591212
42.71943942614245
42.72042437932225
42.72140436035445
42.722378680830715
42.72334655427235
42.724307903638824
42.7252633660859
42.72621337856094
42.72715788794473
42.7280963793826
42.729028297945675
42.72995359669887
42.730872601665936
42.73178570258046
42.732693164074085
42.73359483177968
42.734490795985764
42.735381522989634
42.73626725645386
42.737147979555246
42.738023154327855
42.738891776028964
42.73975356956619
42.74060865194703
42.74145721652829
42.74229983155255
42.743137109668
42.74396939436531
42.74479680603581
42.745618732314085
42.74643450028695
42.74724411025727
42.74804767564614
42.74884549623831
42.74963803622318
42.750425463350716
42.751207275883445
42.751982624369354
42.752751039482206
42.75351285574877
42.7542691393306
42.755020731724215
42.75576751474205
42.756508868342166
42.75724424625466
42.75797352813693
42.75869701063904
42.75941508848189
42.76012783553155
42.76083480293165
42.76153554426651
42.76222992471656
42.76291803670272
42.76360030950289
42.76427707972424
42.764948411514716
42.76561446595638
42.7662753406862
42.76693098149977
42.767581191316296
42.768225631661736
42.76886406858893
42.76949627407296
42.77012237782377
42.77074277552745
42.771357505940045
42.77196657610573
42.77257014382952
42.77316812559409
42.77376051572309
42.77434772634364
42.774929551153924
42.775505246059595
42.77607449405803
42.77663748551835
42.77719496660704
42.777747494639144
42.77829526548758
42.77883814378838
42.7793753829748
42.779906287439566
42.78043062227531
42.78094875808653
42.781461659707006
42.78196961816047
42.782472266689936
42.78296919969035
42.78345994173936
42.78394431548029
42.784422536409096
42.78489485303896
42.78536153925504
42.785823112864215
42.78627982842203
42.78673174887372
42.787178560829375
42.7876195395363
42.788054186365436
42.788482342656536
42.78890399697473
42.78931943941149
42.78972898821044
42.79013312491211
42.79053245169681
42.790927103829176
42.791316635437184
42.79170056980142
42.792078753821265
42.79245092105616
42.792817140279666
42.79317752995107
42.79353199939926
42.79388053294057
42.794223448769074
42.794560762433754
42.79489223459113
42.79521761317861
42.79553669543674
42.79584956691246
42.79615703931988
42.796459974016955
42.79675831658731
42.79705139382306
42.79733822019443
42.79761809373837
42.7978912933181
42.79815869706034
42.79842105947705
42.79867871949287
42.798931085092555
42.79917699267988
42.79941586417659
42.79964829937595
42.799875127827356
42.80009692156339
42.80031397073842
42.80052612649562
42.800732911969156
42.80093356277058
42.801127459491866
42.80131453269241
42.80149507897288
42.80166967837762
42.80183857180985
42.8020019674789
42.80216029392083
42.802313117390625
42.802459992379994
42.80260081690165
42.802735183147014
42.80286312157045
42.80298519515852
42.80310176832617
42.80321286857503
42.80331863889108
42.80341905959216
42.803513917600455
42.803602600727935
42.80368447671466
42.80375939509012
42.803827652779894
42.803890014435446
42.80394716044069
42.80399883977938
42.80404445114274
42.80408362565017
42.80411656929936
42.80414342258824
42.80416444588003
42.80418005574585
42.80418951297557
42.80419199612554
42.8041874629564
42.804176347890404
42.80415952255184
42.804137222014
42.80410928178743
42.80407565006312
42.80403576771327
42.80398958781906
42.803936992114664
42.80387717683607
42.80381003441664
42.803736255256524
42.803656847596
42.80357265071621
42.803483262068674
42.80338746416612
42.80328440961165
42.8031739524024
42.803056695676524
42.802933383808494
42.80280386008007
42.80266762828278
42.80252447959073
42.80237447990398
42.8022180803423
42.80205591376055
42.80188784732508
42.80171341188853
42.801532352668985
42.80134447095352
42.80114969218961
42.800948040827315
42.80073934234402
42.800523852106465
42.80030201661078
42.80007360692235
42.79983801656318
42.799594853014725
42.79934436804688
42.79908712781246
42.79882354925745
42.798553851094404
42.7982777504587
42.79799451893335
42.797703657822524
42.79740519986027
42.79709955351671
42.796786994792846
42.7964673529142
42.79614011179652
42.7958050787373
42.79546263108375
42.795113516492286
42.794758103942684
42.79439565195534
42.79402531756627
42.7936469008634
42.79326065434345
42.792867062068304
42.792466737476225
42.792059538102706
42.79164489431477
42.79122256089204
42.79079218017318
42.79035333121324
42.78990583025244
42.78944980875833
42.788985796621276
42.78851409855667
42.78803482153858
42.78754818484495
42.78705401609492
42.78655200538894
42.7860414772874
42.78552213994567
42.78499399765959
42.78445710665196
42.78391212322698
42.78335892354405
42.78279674888991
42.78222591985717
42.78164666781804
42.78105869583922
42.780461749209415
42.77985577473578
42.77924089272332
42.77861695007409
42.77798358965503
42.77734060680383
42.77668776641923
42.77602477531338
42.77535140954458
42.77466759900644
42.773973279668304
42.77326873386858
42.77255449878616
42.77183066712097
42.77109673606704
42.770351741881086
42.7695947840372
42.76882558969721
42.76804435290939
42.76725129656866
42.76644575066058
42.76562542824029
42.76479125591935
42.76394387429649
42.763083909607964
42.76221230993122
42.76132971832693
42.760436167148576
42.759531885814205
42.758617157648395
42.757692410994785
42.75675812777219
42.75581386020757
42.75485937259386
42.753895178709975
42.75292153181386
42.751938729010966
42.75094679431665
42.749945370376736
42.748934444770256
42.74791408999153
42.74688469880866
42.74584693570441
42.744801013673744
42.74374661745685
42.74268339712139
42.74161148651669
42.74053091685641
42.7394419721477
42.73834495580984
42.73723929320118
42.73612421336821
42.734999691426275
42.73386640744904
42.73272533073818
42.73157695553772
42.73042036031729
42.72925460203618
42.728079486164226
42.72689530489894
42.72570305789743
42.724503113531796
42.72329486862426
42.72207806030901
42.72085180300527
42.719615450757495
42.71836938798495
42.71711361162525
42.71584808763797
42.71457307452496
42.713288938549574
42.71199552367068
42.71069260349902
42.7093794298036
42.70805520460438
42.706719625435326
42.70537301844898
42.70401607468477
42.70264865570577
42.70126975566171
42.699878506405824
42.6984741001157
42.697057349019666
42.69562805782915
42.69418515788542
42.69272868560875
42.691257096458585
42.6897702364953
42.6882680117539
42.6867504464971
42.6852175143333
42.68366739147752
42.68209972376726
42.680513867691644
42.67890942587497
42.67728595040247
42.67564304266344
42.673979631220604
42.67229330677939
42.670583426079524
42.66884954459278
42.66709202883091
42.665309252588045
42.6634991402507
42.66166044745499
42.65979252567885
42.65789491494513
42.65596623470826
42.65400480907817
42.65200949641891
42.64997812321282
42.64790948520508
42.645802283365335
42.64365449091438
42.64146310532292
42.6392263993936
42.63694418086594
42.634615223363156
42.63223521130166
42.62980242341293
42.62731889031831
42.62477737061899
42.62217233968401
42.61950770265128
42.61678169763174
42.6139889069816
42.611126879480516
42.60819459706208
42.60518779811938
42.60210753858856
42.59894493906594
42.59570311669176
42.59237635062821
42.58896685303523
42.58546847415717
42.581877104426965
42.57819110578263
42.5744031143781
42.57051478598942
42.566521749319854
42.56241987966157
42.55819960588446
42.55385113363668
42.54936987518338
42.54475246147568
42.53998522994513
42.535052528355
42.529948027476244
42.52465657212965
42.51916651372325
42.51346590751765
42.50753526147581
42.50136235159605
42.494938669942314
42.48824781162972
42.48127080697658
42.47400439399117
42.466433038891765
42.45853927404143
42.45031971873907
42.44176472881479
42.43285180206165
42.42358952807702
42.41394987760366
42.403936083485874
42.39353601605578
42.38274134714187
42.37153812150377
42.359944829224986
42.347947235678326
42.3355425281829
42.32274019610342
42.30954452204957
42.29597242820317
42.2820394518838
42.26776830745494
42.253183066860146
42.23832875206215
42.22324526504603
42.20799795691264
42.19264713871083
42.1772851792451
42.1620217671887
42.146969834979785
42.13226326024711
42.118098300385206
42.10467108813337
42.092210980995205
42.08102392679656
42.071443669902614
42.06391250489937
42.05893159907745
42.057121855185976
42.059232575821135
42.066908487983696
42.08299927828892
42.10783076701359
42.14289003070839
42.18441239647184
42.22604223344561
42.26640748888822
42.30527369548958
42.34255934232889
42.37820881313721
42.4121771871107
42.444413861263556
42.4748698577369
42.503495439009995
42.530241617272694
42.555057397140594
42.57789714824947
42.5987131188525
42.617463279434766
42.63410745845806
42.64861000400253
42.66093734214605
42.67106312210537
42.67896250147059
42.684618479820976
42.688017249858135
42.68915171050546
