0.51584071783461
0.5158412116772022
0.5158424335972697
0.5158436325476049
0.5158446402468372
0.5158455686111366
0.515846529181479
0.5158476006057756
0.5158488218402372
0.5158502179014175
0.5158518299975625
0.5158537070409387
0.5158558684415123
0.5158583056435705
0.5158610078144825
0.515863969638078
0.5158671724298631
0.5158705839854087
0.5158741597963669
0.5158778516141029
0.5158816275659794
0.5158854697543015
0.5158893636615098
0.5158933024247075
0.5158972961825176
0.515901360065009
0.5159054981796491
0.5159096963153924
0.5159139369964384
0.5159182194758607
0.5159225535548487
0.5159269408351848
0.5159313596389377
0.5159357845491067
0.5159402061788734
0.5159446127391587
0.5159489817839759
0.5159532844826636
0.5159574982162498
0.5159616042552863
0.5159656016008994
0.5159695048818997
0.5159733240216852
0.5159770689606098
0.5159807521471514
0.5159843838741065
0.5159879852500493
0.5159915834959552
0.5159952055800512
0.5159988766725578
0.5160026216950173
0.5160064604859722
0.5160104097080106
0.5160144751518586
0.51601866163436
0.5160229712081765
0.5160273983000899
0.516031928845555
0.5160365448097821
0.5160412230065473
0.516045944539197
0.5160506865105844
0.5160554237931445
0.5160601340230494
0.5160647964796673
0.5160693883257835
0.5160738831551714
0.51607825848853
0.5160825027407948
0.5160866039092374
0.516090546274172
0.5160943155054231
0.5160979044671915
0.5161013109102042
0.516104528526611
0.516107544766866
0.5161103517289002
0.5161129467433299
0.5161153282275802
0.5161174993073679
0.5161194630683139
0.5161212190307898
0.5161227641312914
0.5161241039008762
0.5161252456343397
0.5161261934327882
0.5161269496203467
0.516127516302606
0.5161278946611418
0.5161280941174207
0.516128122137003
0.5161279879002665
0.5161276943378994
0.5161272394843609
0.5161266285705567
0.5161258719924532
0.5161249716049742
0.5161239280779513
0.5161227433233485
0.5161214196572458
0.5161199615964813
0.516118372441083
0.5161166592471949
0.5161148277051217
0.5161128773538528
0.5161108083316611
0.5161086249002584
0.5161063284877914
0.5161039125992564
0.5161013733333842
0.5160987172232148
0.516095951057305
0.5160930771589126
0.5160900964390914
0.5160870087978763
0.5160838197085005
0.516080531023741
0.5160771420222723
0.5160736573122275
0.5160700826118805
0.5160664214368162
0.5160626740968057
0.5160588430605136
0.516054932583795
0.5160509457543692
0.5160468854761189
0.5160427513351207
0.5160385469165799
0.5160342788595486
0.5160299572777296
0.5160255894866147
0.5160211721666006
0.5160167109112536
0.5160122231045065
0.5160077189542215
0.5160031944877035
0.515998648061351
0.5159940899863782
0.5159895317583798
0.5159849736057421
0.5159804116091053
0.5159758428874828
0.5159712740745206
0.5159667144236592
0.5159621657732377
0.5159576328534113
0.5159531201169267
0.5159486216144606
0.5159441341014083
0.5159396544061056
0.5159351755737914
0.5159306875651715
0.5159261865812477
0.5159216644853412
0.5159171131927631
0.5159125190769482
0.5159078720264503
0.5159031716938468
0.515898423883924
0.5158936383674074
0.5158888175797104
0.5158839719134874
0.5158791136116085
0.5158742681558717
0.5158694607770496
0.5158647217969538
0.5158600789071139
0.5158555696336986
0.515851239789013
0.5158471544446149
0.5158433765110945
0.5158399684350822
0.5158369986098705
0.5158345369423144
0.5158326406843314
0.515831368352925
0.5158307765524119
0.5158309073623438
0.5158317758687542
0.5158333769324108
0.5158356830730862
0.5158386494205869
0.5158422122386714
0.515846283964117
0.5158507711598257
0.5158555834595566
0.5158606334820358
0.5158658237906166
0.5158710586093703
0.5158762529598858
0.5158813304671087
0.515886235155049
0.5158909204531372
0.5158953500552693
0.5158994948145608
0.5159033450066421
0.5159068945115302
0.5159101433145874
0.5159131003531501
0.5159157748534764
0.5159181790296216
0.5159203271250407
0.51592223658717
0.515923924768244
0.515925417710011
0.5159267365195191
0.5159279014007051
0.5159289249243761
0.5159298238089806
0.5159306127936715
0.5159313007989007
0.515931899405383
0.5159324212356983
0.5159328837705405
0.5159332906710296
0.5159336528432997
0.5159339829249525
0.5159342897518717
0.5159345741028011
0.5159348353739851
0.5159350678160206
0.5159352670303475
0.5159354309099845
0.5159355616546074
0.515935661889261
0.5159357286596806
0.5159357558194779
0.5159357311544976
0.515935649541219
0.5159355057110507
0.5159353012571873
0.5159350383220802
0.5159347159868695
0.5159343255199788
0.5159338582812926
0.5159333058791201
0.5159326568310182
0.5159319085193348
0.5159310740160906
0.5159301590301565
0.5159291631239332
0.5159280799592996
0.515926895151608
0.5159256038223985
0.5159241993918948
0.5159226922380431
0.5159210884425987
0.515919386394641
0.5159175791807762
0.5159156700985623
0.5159136662654479
0.5159115658644386
0.5159093606158927
0.5159070533018663
0.5159046567629069
0.515902177401267
0.5158996154447845
0.5158969778040398
0.5158942656047706
0.5158914746071741
0.5158886058978177
0.5158856602557835
0.5158826416346353
0.5158795475386494
0.5158763778811251
0.5158731262866079
0.5158697835616355
0.5158663505375751
0.5158628299478948
0.5158592248172916
0.5158555310931132
0.5158517410734925
0.5158478311580432
0.5158437866855732
0.5158396050529682
0.5158352726390345
0.5158307797788806
0.515826109985984
0.5158212493295623
0.5158161825725717
0.5158108802849815
0.5158053269933608
0.5157995053286218
0.5157933946523208
0.5157869677785087
0.5157801892484862
0.5157730384403091
0.5157654836588812
0.5157574763741138
0.5157489849760762
0.5157399744786805
0.5157303894427215
0.5157201825629116
0.5157093108346932
0.5156977166272655
0.515685348874712
0.5156721260605562
0.5156579554182568
0.515642767576012
0.5156264739284347
0.5156089606941694
0.5155900965739975
0.5155697536176898
0.5155477625581595
0.5155239359277929
0.515498100243689
0.5154700117405294
0.5154393674789728
0.5154058268227381
0.5153690148538614
0.5153284710880147
0.515283617211334
0.515233801930537
0.5151782258469814
0.515115909663147
0.515045630133963
0.5149659149937759
0.5148749377141805
0.5147704504943433
0.5146497704345414
0.5145097964047728
0.5143472178510348
0.5141591984835177
0.5139447400398776
0.5137069868007964
0.5134558071620001
0.5132083656962724
0.5129858001473737
0.5128066324199433
0.512680913931876
0.5126086074547199
0.5125819834136176
0.5125897964437979
0.5126207190672645
0.512665377773765
0.512716982954896
0.5127710629013327
0.5128249224112235
0.5128769013325964
0.5129259061068101
0.512971171225616
0.5130121565663934
0.5130485441651478
0.513080302106869
0.5131077557150088
0.513131372712296
0.5131516469207069
0.5131690306366518
0.5131839853051879
0.5131969819264208
0.5132083418766042
0.5132183349761417
0.5132271963237852
0.5132350994875371
0.5132422071293351
0.5132486640215864
0.513254627275474
0.5132601992043898
0.5132654594711272
0.5132704757491269
0.51327530678065
0.5132799873345599
0.5132846017990632
0.5132892315704622
0.5132939028262581
0.5132986434615022
0.5133034353709365
0.5133082638227037
0.5133131995589137
0.5133182563745784
0.5133234404882037
0.5133287663356699
0.5133342825358691
0.5133399246684303
0.513345748185594
0.5133517618406922
0.5133580280573844
0.5133645306093622
0.513371274588515
0.5133782904039379
0.5133855798408561
0.5133932375248436
0.5134011697819286
0.5134094010001674
0.5134180458903083
0.5134270179814858
0.5134361450630928
0.5134454992256694
0.5134551687724634
0.5134651052144413
0.5134751515865196
0.5134851589563697
0.5134949302473752
0.5135041110706721
0.5135121904372884
0.5135185151768389
0.5135222332991595
0.5135219681594667
0.5135158905263013
0.5135017054211977
0.5134767148422681
0.5134382046070154
0.5133840557286153
0.513313849361994
0.5132298747988594
0.5131371281996348
0.5130420017679362
0.5129502984243848
0.5128660425123069
0.5127911137540009
0.5127257561338234
0.512669269865081
0.5126205546316432
0.5125784086413457
0.5125418293191999
0.5125099013252422
0.5124819015545292
0.5124572847309561
0.512435572830286
0.5124164201977154
0.5123995178118171
0.5123846048357398
0.5123714911572915
0.5123599671256257
0.5123498926274759
0.5123411488536131
0.5123335881253224
0.5123270997163846
0.5123215683976153
0.5123169275212013
0.5123131224446602
0.5123100458409161
0.5123076342443682
0.512305848030911
0.5123046392767934
0.5123039676161281
0.5123037768284596
0.5123040358283624
0.5123047206430885
0.5123057589417956
0.5123070897112098
0.5123086718780032
0.5123104629834154
0.5123124455679005
0.512314595570591
0.5123168853228705
0.5123193216042691
0.5123219183366381
0.5123246707041771
0.5123275599768774
0.5123305728015335
0.5123336990975895
0.5123369150104623
0.5123401935629333
0.5123435021015419
0.5123468153731536
0.5123501214599121
0.5123534016106488
0.5123566519059481
0.5123598775890129
0.5123630633196185
0.512366210270755
0.5123693341708823
0.5123724304460986
0.5123754930912174
0.5123785131308883
0.5123814792086419
0.5123843881456835
0.5123872364100482
0.512390025283986
0.512392761001781
0.5123954499011493
0.512398096870061
0.5124007077223935
0.5124032953315589
0.5124058781622519
0.5124084586668733
0.5124110346481441
0.5124136129332362
0.5124161817157362
0.5124187399578641
0.5124212999735781
0.5124238536687203
0.5124263984385863
0.5124289240398603
0.512431409651283
0.5124338631442337
0.512436294182461
0.5124387107694672
0.5124411352521194
0.5124435800448509
0.5124460577000234
0.5124485717883441
0.5124511058093554
0.5124536442117534
0.5124561706612906
0.5124586739142943
0.5124611457647683
0.512463573597797
0.5124659509282995
0.5124682829004545
0.5124705684680921
0.512472805537903
0.5124750097797428
0.5124771820166683
0.5124793274445155
0.5124814680437331
0.5124836016745994
0.51248572756428
0.5124878583171893
0.5124899988670087
0.5124921518792968
0.512494323147471
0.5124964973148926
0.5124986419947166
0.5125007447955601
0.5125027963780496
0.512504797465832
0.512506762864911
0.5125086963784683
0.51251059808306
0.5125124569423919
0.512514270114753
0.5125160539867318
0.5125178213486942
0.5125195915084625
0.5125213810105793
0.5125231891064289
0.512525003164292
0.5125268167170253
0.5125286222414266
0.5125304057516878
0.5125321655244881
0.5125338933541448
0.5125355901839503
0.5125372627451167
0.5125389042368667
0.5125405275014482
0.5125421416309044
0.5125437459240839
0.5125453533796127
0.5125469708464414
0.5125485911070318
0.512550215653105
0.5125518452941287
0.5125534575764529
0.5125550617018544
0.5125566771088061
0.5125582858463956
0.5125598874596188
0.5125614690300964
0.5125630102322304
0.5125645305096268
0.5125660339568091
0.512567526137306
0.5125690193869554
0.5125705121052866
0.5125720139474255
0.5125735280844064
0.5125750459410028
0.5125765546094412
0.5125780453437023
0.5125795203235036
0.5125809838456569
0.5125824419372665
0.51258388172674
0.5125852853230678
0.5125866427188839
0.5125879478530831
0.5125892187153441
0.5125904697254043
0.5125917125464569
0.5125929607257564
0.5125942057186945
0.5125954496596197
0.5125967044540302
0.5125979709614432
0.512599255533459
0.512600567421552
0.5126019178614212
0.5126033112478725
0.5126047433734655
0.5126062115589566
0.5126077133323041
0.5126092408087307
0.512610775835022
0.5126122961915995
0.5126137854142789
0.5126152322645499
0.5126166245199235
0.5126179585148233
0.5126192555476585
0.5126205310011757
0.5126218045993746
0.5126231051611325
0.5126244246113735
0.5126257557365941
0.512627095257722
0.512628425877911
0.5126297491511898
0.5126310658051711
0.5126323725040222
0.5126336872065659
0.512635021797084
0.5126363688556633
0.5126377285142997
0.5126390968606045
0.512640463495896
0.5126418363279405
0.5126432185389168
0.5126446179998512
0.51264604817473
0.5126474935906062
0.5126489466475715
0.5126503977453848
0.5126518286557831
0.5126532380361402
0.5126546226220511
0.5126559885181535
0.5126573445602394
0.512658702059584
0.5126600752310195
0.5126614502030181
0.5126628212923396
0.512664193885003
0.5126655638580581
0.5126669292928979
0.5126682812953347
0.5126696257009071
0.5126709734067528
0.5126723333767162
0.5126737188966709
0.512675125639046
0.512676547328099
0.5126779772476872
0.5126794059687227
0.5126808437588193
0.5126822956938238
0.5126837574746275
0.5126852303433701
0.5126866997276396
0.5126881535216374
0.5126895884968615
0.512690993630811
0.5126923692473746
0.51269372406484
0.5126950573354875
0.5126963734755526
0.512697692195995
0.5126990223007031
0.5127003638891084
0.5127017322074723
0.5127031284595258
0.5127045391721394
0.512705970587472
0.5127074143919487
0.5127088505730483
0.5127102750658928
0.5127116787581916
0.5127130647304616
0.5127144453125791
0.5127158322782122
0.5127172446859507
0.5127186774465592
0.5127201100697687
0.5127215294733223
0.5127229183605808
0.5127242739626837
0.5127256037513693
0.5127269195133475
0.512728237665224
0.5127295565798748
0.5127308778272911
0.5127322121468317
0.5127335547199852
0.5127348953302302
0.5127362241541117
0.5127375277113595
0.5127387970424919
0.512740037026651
0.5127412549487224
0.5127424596558436
0.5127436647932188
0.512744877335711
0.512746107752126
0.5127473562777621
0.5127486050495054
0.512749843687969
0.5127510692162245
0.5127522860846793
0.5127535001539083
0.5127547116735439
0.5127559244964975
0.5127571446166415
0.5127583742542225
0.512759606786124
0.5127608294420698
0.512762029787257
0.5127632003136675
0.5127643382655571
0.5127654359341467
0.5127664940665754
0.5127675223285103
0.5127685271263563
0.5127695227154133
0.5127705289029048
0.5127715571056848
0.5127726105727068
0.5127736867123337
0.5127747760995424
0.5127758689219291
0.5127769552445037
0.5127780236403137
0.5127790719176503
0.5127801085845329
0.5127811385792309
0.512782171417475
0.5127832196436776
0.5127842731413679
0.5127853184622226
0.5127863509938653
0.5127873622883812
0.5127883565461904
0.5127893339322053
0.5127902947010942
0.5127912532389413
0.5127921988465338
0.5127931248630736
0.5127940404191619
0.5127949505656297
0.512795872923082
0.5127968208332709
0.5127978102987233
0.5127988397905098
0.5127998965335748
0.5128009771448956
0.5128020589438228
0.5128031306209904
0.5128041866529266
0.512805213726032
0.5128062152519126
0.5128071863999808
0.512808131961322
0.5128090690507079
0.5128099990695023
0.5128109289970949
0.5128118649219319
0.5128128145491611
0.5128137936084134
0.512814817233803
0.5128158882759583
0.5128170010738358
0.5128181458573434
0.5128192996619799
0.512820456701896
0.5128216135137045
0.5128227586903644
0.5128238910112839
0.5128250037561044
0.5128261025039902
0.5128271839234736
0.5128282453251073
0.5128293015176777
0.5128303516806125
0.5128314116831887
0.5128324924264048
0.5128335898318743
0.5128347126696547
0.5128358541933908
0.5128370161452966
0.5128382017115417
0.5128394018643198
0.51284061433694
0.5128418333836884
0.5128430565092992
0.5128442750521494
0.5128454757507774
0.5128466627738603
0.5128478513697854
0.5128490498704815
0.5128502647233286
0.5128515097109909
0.5128527739936241
0.5128540424110218
0.5128553203733459
0.5128565935188046
0.5128578551825561
0.5128591105262993
0.5128603580941136
0.5128616092649536
0.5128628766345149
0.5128641733377001
0.5128654941261939
0.5128668277113763
0.5128681695034787
0.5128695005810314
0.5128708159135883
0.5128721171309129
0.5128734151726008
0.5128747254678568
0.5128760419922465
0.5128773670629513
0.5128787042175273
0.5128800504304943
0.5128814060063552
0.5128827763776972
0.512884172610345
0.5128855994067424
0.5128870557825567
0.512888530703693
0.5128900123474244
0.5128914843922385
0.5128929327547193
0.5128943614161124
0.5128957734334999
0.5128971779775578
0.5128985820495731
0.5128999871333709
0.5129013968685351
0.5129028071200079
0.5129042261091835
0.5129056562917155
0.5129070909678091
0.5129085270898448
0.5129099524418586
0.5129113720826068
0.5129127980808134
0.512914234883823
0.5129156916515558
0.5129171693483595
0.5129186645494648
0.5129201677333566
0.5129216706600165
0.5129231680076624
0.5129246570008605
0.5129261391801598
0.5129276070259087
0.5129290627882769
0.5129305083120572
0.5129319385411871
0.5129333672893397
0.5129348057253553
0.5129362626868986
0.5129377448445016
0.512939247630107
0.512940762096692
0.5129422823410531
0.5129438157373639
0.5129453558407677
0.5129468944956066
0.51294843730497
0.5129499750234129
0.5129515045996627
0.5129530319453857
0.512954554794933
0.5129560734820869
0.5129575843156247
0.5129590857895021
0.5129605848248451
0.5129620894980047
0.5129636028278324
0.5129651220815268
0.5129666473404542
0.5129681771300403
0.5129697111842144
0.5129712530105628
0.5129727984888843
0.5129743442293601
0.512975890533142
0.5129774396837911
0.5129789928012918
0.5129805498876151
0.5129821034499531
0.5129836484041947
0.5129851936824873
0.5129867355377352
0.5129882683179889
0.5129897928764928
0.5129913072798639
0.5129928192081178
0.5129943365810121
0.5129958726373796
0.512997438077275
0.5129990207194485
0.5130006064918952
0.5130021862905024
0.5130037500407841
0.5130052955026037
0.5130068313226165
0.513008365345157
0.5130098963233849
0.5130114298664553
0.5130129731774867
0.5130145237418087
0.5130160818287299
0.5130176475466929
0.513019230379925
0.5130208361471741
0.5130224528674823
0.5130240766662063
0.5130256999259579
0.5130273127845849
0.5130289198920309
0.5130305275167053
0.5130321404257605
0.5130337617696621
0.5130353844600196
0.5130369995687778
0.5130386019879408
0.5130401900862687
0.513041768161545
0.5130433474378755
0.5130449362324699
0.5130465369371712
0.513048148715021
0.5130497642772077
0.5130513813211672
0.5130530033959492
0.5130546273427576
0.5130562562224231
0.5130578913146027
0.5130595219180165
0.513061142531921
0.5130627571493146
0.5130643755744853
0.5130659954048546
0.5130676082248572
0.513069224726791
0.5130708544764472
0.5130724867279354
0.5130741112050163
0.5130757242025347
0.513077314855903
0.513078883674246
0.5130804382311657
0.5130819779930134
0.5130835143104922
0.5130850621426564
0.5130866318947003
0.5130882266032084
0.5130898309432462
0.5130914395652226
0.5130930515202078
0.5130946621769523
0.513096272115682
0.5130978731429623
0.5130994655349159
0.5131010551683692
0.513102637647153
0.5131042102446551
0.5131057700042254
0.5131073132917281
0.5131088386708452
0.513110343174772
0.513111833554001
0.5131133186344727
0.5131148020919438
0.5131162840252868
0.5131177617440572
0.5131192391231295
0.5131207214164614
0.5131222085273875
0.5131236947999459
0.5131251674928645
0.5131266115837823
0.513128023656939
0.5131294117263275
0.5131307724367447
0.5131321001989899
0.5131334070187116
0.5131347009445046
0.513135982390979
0.5131372591691982
0.5131385400627536
0.5131398270936464
0.5131411155594021
0.513142405551252
0.5131436981491656
0.5131449862617464
0.5131462599594566
0.5131475108794685
0.513148735882025
0.5131499266858947
0.5131510861848713
0.5131522218727428
0.5131533254804261
0.5131544136347276
0.5131554923297599
0.5131565451898741
0.5131575864683762
0.5131586131845404
0.5131596243475829
0.5131606375675967
0.5131616358099471
0.5131626104003535
0.5131635593634338
0.5131644795290512
0.5131653849474406
0.5131662725857861
0.5131671412536486
0.5131679939222208
0.5131688271422433
0.5131696430836642
0.5131704448780607
0.5131712368474735
0.5131720074374645
0.5131727494833259
0.5131734749491697
0.5131741794973461
0.5131748525142722
0.5131754973279279
0.5131761145486496
0.5131766988722343
0.5131772500047167
0.5131777724207202
0.5131782631930609
0.5131787251654504
0.5131791578474681
0.5131795572827869
0.5131799297591876
0.5131802775464271
0.5131806102482012
0.513180930874642
0.5131812332292472
0.5131815134736686
0.5131817653509423
0.5131819983574891
0.513182214502298
0.513182413898421
0.5131826047712337
0.5131827784798219
0.513182930386697
0.5131830494394585
0.5131831209403243
0.5131831505548071
0.5131831352591097
0.513183071149946
0.513182964756224
0.5131828188065113
0.5131826438651531
0.5131824464920243
0.5131822279058473
0.5131819974896916
0.5131817500584004
0.5131814811533859
0.5131811985079041
0.513180896532237
0.5131805838879044
0.5131802790191142
0.5131799748863116
0.5131796676505151
0.5131793518449224
0.5131790087154702
0.5131786320283037
0.513178226465489
0.5131777992845111
0.5131773456718608
0.5131768618987818
0.5131763518607231
0.5131758022033517
0.513175212969743
0.5131745979740695
0.5131739583965116
0.5131732977860224
0.5131726189156932
0.5131719260182062
0.5131712199155815
0.5131705021799159
0.5131697854142049
0.5131690566324623
0.513168294783822
0.5131674968079205
0.5131666469938411
0.5131657472707221
0.5131648100674645
0.5131638244718544
0.5131627982537985
0.513161740192219
0.5131606536094812
0.5131595541098498
0.5131584312109257
0.5131572841335114
0.5131561217636695
0.5131549310283257
0.5131537248567256
0.5131525160664095
0.5131512985117661
0.5131500718265948
0.5131488247491011
0.5131475463052647
0.513146224223249
0.513144846971988
0.5131434173155619
0.5131419375060312
0.5131404170983926
0.5131388597691722
0.5131372640879225
0.5131356378062746
0.5131339818864975
0.5131322969913452
0.5131305846742693
0.513128841397786
0.5131270579490256
0.513125219133401
0.5131233211701174
0.5131213689169786
0.5131193660516566
0.5131173258674647
0.5131152669062881
0.5131131869706961
0.5131110733439443
0.5131089233008828
0.5131067163853502
0.5131044413040494
0.5131021140126798
0.5130997313152256
0.51309730213966
0.5130948434539927
0.5130923461142944
0.5130898120280976
0.5130872380933857
0.5130846153777036
0.5130819549709859
0.5130792598967758
0.5130765321959281
0.5130737863798731
0.5130710169789084
0.5130682125677883
0.5130653698295146
0.5130624702481413
0.5130594973193957
0.5130564444761835
0.5130533122944385
0.5130501099548238
0.5130468380004947
0.513043501919767
0.513040095010493
0.5130366022011041
0.513033033243514
0.5130293846308384
0.5130256539698766
0.5130218505222411
0.5130179685280079
0.5130140156049255
0.5130099986709439
0.513005914477095
0.5130017641188743
0.5129975467434192
0.5129932626261837
0.5129889065157113
0.5129844808759543
0.5129799915681752
0.5129754364824125
0.5129708298684028
0.512966173633201
0.5129614511438596
0.512956659561311
0.512951781084182
0.5129467924680566
0.5129416924376757
0.5129364743527738
0.5129311289974655
0.5129256636976864
0.5129200811828094
0.5129143781452632
0.5129085559837181
0.5129026176200495
0.5128965718871624
0.5128904144589375
0.5128841366021801
0.5128777441112666
0.5128712399197767
0.512864615572567
0.5128578643119212
0.5128509861753454
0.5128439756863665
0.5128368299921204
0.5128295465952712
0.5128221163004973
0.5128145309498242
0.512806783885778
0.5127988702546161
0.5127907838057514
0.5127825284214574
0.5127740984065464
0.5127654723429642
0.5127566464280436
0.5127476035080589
0.5127383358609457
0.5127288598383052
0.5127191571316235
0.5127092169603392
0.5126990395918875
0.5126885955909622
0.5126778657942331
0.51266684479775
0.5126555101489998
0.5126438478627758
0.5126318475870615
0.5126194774498055
0.5126067342982501
0.512593620231565
0.512580127075305
0.5125662612043043
0.5125520020617946
0.512537330569933
0.512522217923188
0.5125066206782944
0.512490514822208
0.512473840420672
0.5124565544314194
0.512438617070353
0.5124199595217888
0.5124005537799939
0.5123803437320423
0.5123592632468409
0.5123372742786895
0.5123142879654462
0.5122902182604547
0.5122649904501908
0.512238459784293
0.51221047210343
0.5121808748241584
0.5121494371497723
0.5121158878102194
0.5120797976698199
0.5121845090207882
0.5122867847925678
0.5123870189059656
0.5124853977692795
0.5125820715469805
0.5126771450787755
0.512770693711849
0.5128627862523771
0.5129534532095253
0.5130427078327051
0.5131305729316658
0.5132170634811983
0.5133021897385929
0.5133859793351745
0.5134684355365847
0.5135495484519795
0.5136293314053544
0.5137077664123133
0.5137848193502939
0.5138604882726879
0.5139347404417002
0.5140075428534493
0.5140789049065033
0.5141487706116417
0.5142170789387915
0.5142838065408968
0.5143488921625903
0.5144122959134637
0.5144740068046225
0.5145339786156407
0.5145921722688158
0.5146485738798541
0.5147031051799557
0.5147557140651872
0.5148063463218079
0.5148548930367223
0.51490132406374
0.5149455502347938
0.5149874887874207
0.5150271137742578
0.5150643035820553
0.5150990032994149
0.515131123725948
0.5151605503569379
0.515187238727193
0.5152110469817685
0.5152318721696851
0.5152496197749916
0.5152641434538702
0.5152753793443863
0.5152831968589348
0.5152874589999435
0.5152880544260869
0.5152847618721256
0.5152774334622471
0.5152658705203927
0.5152499113303785
0.5152294212504022
0.5152041842756542
0.5151740533031675
0.5151388278240923
0.5150983882514943
0.5150526253114013
0.5150013761717671
0.5149444846891305
0.5148817190616972
0.5148129539414562
0.5147380522757209
0.5146569677886883
0.514569748813956
0.5144764131818207
0.5143770192318892
0.5142716386339745
0.5141605365737945
0.5140439956459063
0.5139222863862148
0.5137957512677775
0.5136649837503958
0.5135306446827868
0.5133934941135914
0.5132544137538373
0.5131144851105426
0.5129750218486059
0.512837635590858
0.5127040504397546
0.5125759893148868
0.5124553962831085
0.5123442978582289
0.5122444597124599
0.5121580813409969
0.5120875866121447
0.5120352755599792
0.5120034347304511
0.5119940891202384
0.5120089853670955
0.5120495244824053
0.5121171440555755
0.5122133788833875
0.5123394930084672
0.5124966701626241
0.5126855730505946
0.5129065737106394
0.5131597441313348
0.5134443014365007
0.5137594976749932
0.5141053672374387
0.5144817969520639
0.5148892929057655
0.5153279619013308
0.5157967184555967
0.516295857540692
0.5168255983837216
0.5173857222589517
0.5179763550643735
0.5185989294262869
0.5192569772373329
0.5199526554805967
0.5206869002648644
0.5214615348782331
0.5222786704669857
0.5231430917265703
0.5240593242077962
0.525030705043315
0.5260615708883265
0.5271553875220502
0.5283124837029999
0.5295410629178633
0.5308430513189725
0.5322276522751545
0.533697938433547
0.5352590631034193
0.5369167738804674
0.5386772662058232
0.5405428566524979
0.5425225041475942
0.5446186730173577
0.5468363329198913
0.5491815526314509
0.5516597076922061
0.5542768555355123
0.557035012409057
0.5599391684500938
0.562992067638377
0.5661969584520641
0.5695530774400298
0.5730602483877681
0.5767101714089329
0.5804886969027414
0.5851285279192089
0.5984408682988691
0.604819365670093
0.6035003191659185
0.6000163290843329
0.6000163290843329
0.6000163290843329
0.6000163290843329
0.6000163290843329
0.6000163290843329
0.6000163290843329
0.6000163290843329
0.6000163290843329
0.6000163290843329
0.6000163290843329
0.6000163290843329
0.6000163290843329
0.6000163290843329
0.6000163290843329
0.6000163290843329
0.6000163290843329
0.6000163290843329
0.6000163290843329
0.6000163290843329
0.6000163290843329
0.6000163290843329
0.6000163290843329
5.2967510591615365
5.296804756425978
5.296966535065544
5.297238014926805
5.2976196805641305
5.298111952442025
5.2987152854435795
5.2994302093087855
5.300257309098572
5.301197172138689
5.302250290260312
5.3034169217449145
5.3046972272832225
5.306091331739113
5.307599213006616
5.309220641887041
5.31095525809021
5.312802646231413
5.314762418643698
5.316834211664306
5.319017625686213
5.321312346654558
5.323718126603135
5.326234711290299
5.328861882044107
5.3315993991371124
5.334447011572749
5.337404609124865
5.340472092806087
5.343649226314801
5.346935599744545
5.35033076941829
5.353834354802891
5.357445948249075
5.361165046355197
5.364991104420838
5.3689235775044954
5.372961989166776
5.377105921512115
5.381354978280113
5.385708788911113
5.390167021221194
5.394729461635747
5.3993959933549105
5.404166552601693
5.409041115606092
5.414019678004668
5.419102267083005
5.424288903698508
5.42957959035707
5.434974249217334
5.440472722948331
5.446074792431036
5.451780133365428
5.457588293612155
5.463498707087052
5.469510711526123
5.4756235340096024
5.481836300020323
5.488148037078896
5.494557698326941
5.5010641753311615
5.507666297996852
5.514362861595516
5.521152620637264
5.5280343351281624
5.535006763124177
5.542068683639104
5.549218873986484
5.556456156854425
5.563779391298504
5.571187495000166
5.578679426503013
5.586254204018324
5.5939109267015015
5.601648776174513
5.609467006863213
5.617364958998741
5.625342048684123
5.63339776565174
5.641531693885187
5.649743489856065
5.658032899387007
5.666399740248988
5.6748439011872875
5.683365343442728
5.691964098825397
5.700640260560977
5.709393999704682
5.718225524590448
5.727135102190536
5.736123036368068
5.745189692516621
5.7543354934767725
5.763560891862554
5.772866361526754
5.782252417599236
5.791719607043785
5.801268508905185
5.810899723624389
5.820613876695943
5.830411611024662
5.840293590506647
5.850260505822866
5.860313060788538
5.870451976626116
5.880677981891984
5.890991825491881
5.90139427913716
5.911886122263832
5.922468133654652
5.93314110769703
5.943905849204387
5.954763177183743
5.965713919868308
5.97675890523843
5.987898984705944
5.999135027063664
6.010467900313707
6.0218984721575355
6.033427613543906
6.045056214020697
6.056785176648395
6.068615399405033
6.080547791509885
6.092583260797849
6.104722728820309
6.1169671020674885
6.129317283241684
6.141774172395953
6.154338678017613
6.1670117027754205
6.179794126707971
6.192686805765102
6.205690597571988
6.218806362106559
6.232034953437
6.245377181697602
6.258833825794508
6.272405664374647
6.286093460125891
6.299897952160417
6.313819832119094
6.3278597679684925
6.342018421765405
6.356296453383925
6.370694498850484
6.385213163355989
6.399853026465122
6.414614682874633
6.42949874392644
6.4445058198667065
6.459636495321049
6.474891376896359
6.490271123257535
6.505776445871637
6.5214080847998845
6.537166794899405
6.553053365724679
6.569068676142629
6.585213693584236
6.601489449483409
6.617897020116225
6.634437556007099
6.651112282799007
6.667922524493965
6.684869653948377
6.701955085004868
6.719180242143959
6.736546567149555
6.754055500186875
6.771708460375574
6.7895067817566055
6.807451682596512
6.825544219556227
6.843785272371888
6.862175475414662
6.8807152290908435
6.899404650956808
6.918243575807342
6.937231521679444
6.9563677238596
6.975651125534835
6.995080440798879
7.014654183797188
7.034370688234333
7.054228202345404
7.074224930109186
7.094359108498763
7.1146290163295225
7.135033029960836
7.155569654364841
7.176237552090263
7.197035604406966
7.217962889373232
7.239018661792549
7.26020235430075
7.281513566779652
7.302952083940641
7.324517877256688
7.346211060149841
7.36803187324579
7.389980639634033
7.412057764782386
7.434263737663259
7.456599113309734
7.479064523067228
7.501660627625126
7.524388096550115
7.547247608253217
7.570239850365976
7.593365522801954
7.616625325243503
7.640019953940832
7.663550089730668
7.687216396592338
7.711019493572513
7.7349599897905525
7.7590384891417745
7.783255597593403
7.807611906759191
7.832107987959868
7.8567443847032425
7.881521616030868
7.906440199162018
7.931500652767159
7.956703501993201
7.982049274955332
8.007538498010508
8.033171696064286
8.058949396411643
8.084872123917005
8.110940431761193
8.137154891528715
8.163516104013857
8.19002469288775
8.216681305238986
8.24348658864295
8.270441208122602
8.297545851665141
8.32480125581865
8.35220818371157
8.379767434733353
8.40747984076892
8.435346233659365
8.463367478667832
8.491544455274648
8.519878084123718
8.548369311400464
8.577019117576583
8.605828504223092
8.634798492453431
8.663930125691058
8.693224469244807
8.722682581456484
8.752305544849593
8.782094455191332
8.812050431826595
8.842174596315882
8.87246808465881
8.902932041064151
8.93356759309828
8.964375884117556
8.995358047938437
9.026515199549806
9.05784847417861
9.089359017646009
9.121047940559626
9.15291634640912
9.184965346235616
9.217196040864216
9.249609546425013
9.282206984692257
9.314989480633944
9.347958154905845
9.38111410992035
9.41445845289289
9.447992299325733
9.481716797881761
9.515633107750569
9.549742385847313
9.5840458084445
9.618544539516803
9.65323978669808
9.688132769465842
9.723224722402115
9.758516923803056
9.794010678984609
9.829707343597383
9.865608316595765
9.901715019547451
9.938028919373451
9.97455155080448
10.011284477160252
10.04822927584511
10.085387640734046
10.122761339537323
10.160352164999816
10.198162007057112
10.23619283306
10.274446640392075
10.312925506899017
10.35163165781635
10.390567365108035
10.429734988464268
10.469137072996473
10.508776290736881
10.548655457284491
10.588777609021568
10.629146022247408
10.669764181212436
10.710635829838674
10.75176510682451
10.793156608777071
10.834815479303192
10.876747545469875
10.918959520610679
10.961459254778323
11.004256025602281
11.047360976326571
11.090787687970158
11.134552790551162
11.178676448830622
11.223182374141956
11.268096801427385
11.313445874953675
11.359251738240225
11.405528951577113
11.452283074222832
11.499512012641564
11.547209049027218
11.595365757728718
11.643974062333838
11.693027380144294
11.74252105323714
11.79245237134943
11.842820358045847
11.893625464404913
11.944869265874939
11.996554134459254
12.048682992174667
12.101259178264879
12.154286420889212
12.207768840675968
12.261710997866679
12.316117916039408
12.370995109235473
12.42634857802177
12.482184787441689
12.53851067443443
12.595333616829569
12.652661428231415
12.71050235458358
12.76886502786367
12.827758487479061
12.887192222583266
12.9471762156812
13.00772093058556
13.068837294619058
13.130536721398315
13.192831147033965
13.255733100303004
13.319255749680485
13.383412946049875
13.448219266188282
13.513690066632988
13.579841514228859
13.64669065705601
13.714255469210142
13.78255495421839
13.851609264959048
13.92143979310333
13.992069289934335
14.063522015297552
14.135823907955265
14.20900270428195
14.283088118301437
14.358112091418226
14.43410899947554
14.51111589418649
14.589172848197363
14.668323299561383
14.748614341756761
14.830097111277414
14.912827157741479
14.996864763482382
15.082275217864696
15.169128926052604
15.257501140449289
15.347471075907187
15.43912016386592
15.532529042123883
15.62777247174026
15.72491093137175
15.823977529316926
15.924958294437058
16.027763620967548
16.132188782840995
16.237863285893777
16.34419259349127
16.450303303729402
16.55501375373065
16.656861677840897
16.75421900035044
16.845499062932518
16.92941404397079
17.005196797293102
17.072700815948842
17.132346518426356
17.18495356083531
17.231536892743502
17.27313348336166
17.31069037069134
17.345012362460363
17.37675204362724
17.406423125404622
17.43442308654845
17.461056909174975
17.486558169770337
17.51110624948031
17.534839763700578
17.557866772026745
17.58027239701201
17.602124504130547
17.623477895094037
17.644377410435485
17.664860237143195
17.68495761214085
17.704696108696954
17.724098593101687
17.74318495837165
17.76197269089113
17.780477291347374
17.798712614539188
17.81669113707456
17.834424175354624
17.851922053205133
17.869194230875383
17.886249429818186
17.9030957144333
17.91974055884664
17.936190919488602
17.95245328673868
17.968533733271794
17.98443795062343
18.000171291009188
18.015738798552917
18.031145222037722
18.04639505478751
18.06149255326997
18.076441743993147
18.091246454191086
18.105910323686317
18.12043681739456
18.13482924652435
18.14909077028693
18.1632244030546
18.17723303156016
18.191119420436486
18.204886219999654
18.218535975513717
18.232071127800424
18.245494020520994
18.258806905461842
18.272011948427878
18.28511123928196
18.29810679186392
18.311000547579592
18.323794381955583
18.336490106521424
18.349089477117573
18.361594197824708
18.37400591599657
18.386326226249942
18.398556671681984
18.41069873998331
18.42275387198912
18.434723464570062
18.44660886954941
18.458411404088
18.470132345274514
18.481772930632786
18.493334369238056
18.504817832087543
18.516224458609653
18.52755536225858
18.538811621316334
18.54999429005646
18.56110439394437
18.572142928543997
18.58311086992589
18.594009165906144
18.604838742442297
18.615600505831512
18.626295338434172
18.636924102005665
18.64748763246376
18.657986746128458
18.668422242190083
18.678794898814726
18.689105475796012
18.699354719247747
18.709543362047565
18.719672120806802
18.729741700986953
18.739752790993652
18.749706060626924
18.75960217024363
18.76944176741327
18.779225482008375
18.788953929492937
18.79862771305648
18.8082474208053
18.817813634653653
18.82732693000883
18.836787869645217
18.846197008569565
18.85555488436123
18.864862020445234
18.874118932467407
18.88332612227571
18.8924840846115
18.901593304685218
18.9106542588769
18.91966741810049
18.928633244341917
18.93755219417001
18.946424718936388
18.955251264622092
18.964032263565656
18.972768138215546
18.981459308844872
18.990106188512232
18.998709188296505
19.00726870973491
19.015785148909565
19.024258898662712
19.032690335706974
19.041079833666043
19.049427759607163
19.057734470476547
19.066000321152526
19.074225661695944
19.082410841471944
19.09055620438339
19.09866208778633
19.106728820484953
19.11475672352206
19.122746116725303
19.130697312305347
19.138610619687622
19.146486345545608
19.154324790492375
19.1621262532476
19.169891024717185
19.177619395595926
19.185311653806444
19.192968078037033
19.200588947456673
19.20817454072401
19.215725136604473
19.223241008154762
19.23072241856574
19.23816962365877
19.24558286934294
19.252962403074154
19.26030847428845
19.267621328438604
19.27490120873951
19.282148351172268
19.289362988361553
19.296545348813535
19.303695658196094
19.3108141473445
19.31790104383476
19.32495656912524
19.331980943023183
19.338974382642668
19.34593710070069
19.3528693081703
19.35977121769529
19.36664304035835
19.373484986178024
19.38029725919597
19.387080058382733
19.3938335817872
19.400558023360613
19.40725357430357
19.413920420943203
19.420558748847384
19.42716874410769
19.43375058391907
19.440304447551092
19.446830514100352
19.453328957469488
19.459799956250286
19.466243685100277
19.472660318218182
19.479050031871864
19.485412998692688
19.491749392415663
19.498059386204083
19.5043431457591
19.510600831822074
19.51683260678811
19.52303862578364
19.52921903950489
19.535374000657434
19.541503652354656
19.5476081383436
19.553687601033833
19.559742180223967
19.565772030491907
19.57177729931369
19.577758130471114
19.583714676112788
19.589647077035846
19.595555473543143
19.601440008650293
19.607300819248824
19.613138040170412
19.61895180164254
19.624742230932025
19.630509453332902
19.636253593765307
19.641974774884407
19.64767311874982
19.653348751124945
19.659001794196975
19.664632371558614
19.670240607481148
19.675826625986723
19.68139055347279
19.686932516311167
19.692452639019567
19.697951040241772
19.703427835251897
19.708883135085085
19.714317048409182
19.719729683200352
19.725121142371393
19.73049153199471
19.735840958223758
19.74116952334094
19.74647733771715
19.75176451281123
19.757031160389612
19.762277395240115
19.767503323125034
19.772709045760834
19.777894665057275
19.783060276383814
19.788205976236164
19.793331865878493
19.798438040626568
19.803524596426225
19.80859163432222
19.813639250720193
19.818667540668685
19.823676595739304
19.828666501100344
19.83363734424087
19.838589213253712
19.843522200773336
19.84843640487275
19.853331917693186
19.85820882760342
19.863067221424423
19.867907186941412
19.872728808579637
19.8775321661329
19.882317346948994
19.887084436620388
19.891833517068143
19.896564676413902
19.90127800282568
19.90597358520457
19.910651510738905
19.91531186164906
19.919954718509096
19.924580158627908
19.929188257935873
19.933779091074534
19.938352732124578
19.942909254710155
19.947448732498415
19.951971244485126
19.956476866206895
19.96096566666799
19.965437715228976
19.96989307679511
19.974331813835597
19.97875399171047
19.98315967907002
19.98754894960063
19.991921879129336
19.996278547804774
20.00061903968279
20.00494343496952
20.009251812776526
20.013544249904918
20.01782081597522
20.022081578388146
20.026326599794768
20.03055593892095
20.034769656304118
20.038967812326007
20.04315046841824
20.047317691421668
20.051469548014833
20.055606101081114
20.059727415938447
20.063833556296885
20.067924580388414
20.072000545531665
20.0760615093787
20.080107532287897
20.08413867768671
20.088155010830082
20.09215659717777
20.096143499261835
20.100115775120756
20.104073476145864
20.108016655383715
20.111945366762875
20.115859663463688
20.119759609855894
20.123645269542354
20.127516700261786
20.13137395906531
20.13521709589285
20.139046159454974
20.142861198741123
20.146662268266613
20.15044942576983
20.154222727108813
20.157982231744583
20.161727994343664
20.165460072051328
20.169178524165126
20.172883403484395
20.17657476668491
20.1802526658304
20.183917148705344
20.18756826705093
20.191206067335273
20.194830593499955
20.198441885391905
20.202039982045434
20.205624924805452
20.20919676093072
20.21275554417956
20.21630132551631
20.21983415917781
20.2233540974627
20.226861187621
20.23035547827981
20.233837017822125
20.23730585525767
20.240762038718987
20.24420562149513
20.24763665214396
20.251055169415277
20.254461215740324
20.25785482801551
20.261236045593602
20.2646049150739
20.2679614790653
20.271305782359356
20.274637866540026
20.27795777238068
20.281265542254815
20.28456122001494
20.28784485180331
20.29111648119825
20.294376153513596
20.297623909046006
20.30085978323782
20.304083812202215
20.30729602915646
20.310496468451745
20.31368516661739
20.316862163712436
20.320027500687424
20.32318121398883
20.326323340765295
20.329453915010063
20.33257297146818
20.33568054800323
20.338776680959878
20.341861407537852
20.344934761793173
20.34799678388172
20.351047518764847
20.354087010097214
20.357115304619427
20.360132442745897
20.3631384564395
20.366133371759453
20.369117213991935
20.372090011812595
20.37505179305346
20.37800258835429
20.38094243185059
20.38387136055395
20.386789412440933
20.389696628092945
20.392593051004823
20.395478721516152
20.398353682275026
20.401217971049622
20.40407161949901
20.406914656191276
20.409747103730755
20.41256898723142
20.415380329576898
20.418181155999978
20.420971492470414
20.423751358730918
20.426520780061335
20.429279779350303
20.432028384553735
20.434766637107373
20.43749457725402
20.440212246030978
20.442919679940466
20.445616909538806
20.44830396064603
20.450980853885024
20.45364761378117
20.45630426420869
20.458950833841012
20.46158735624418
20.46421386218917
20.466830381200754
20.469436939634388
20.472033565628205
20.47462028915915
20.477197139458916
20.479764148604303
20.482321344205538
20.484868748399837
20.487406381839865
20.489934264635778
20.492452419136864
20.49496087251185
20.49745965535676
20.499948792390537
20.50242830672251
20.504898223608087
20.50735856859848
20.509809372241627
20.512250665588667
20.514682476699836
20.517104829784014
20.51951774533067
20.521921243856426
20.524315340318708
20.526700050980267
20.52907539667936
20.531441397078925
20.533798080611884
20.536145479922933
20.53848362421847
20.540812543024312
20.543132262357847
20.545442806435002
20.547744196336378
20.55003645171926
20.55231959277804
20.55459363407465
20.5568585924049
20.55911448723771
20.56136133380579
20.56359915162001
20.565827966698425
20.56804780463331
20.57025869172584
20.572460652805795
20.574653707180094
20.576837870286546
20.579013157028555
20.58117958877203
20.58333719187033
20.585485992411034
20.58762601471392
20.58975728115485
20.591879810896945
20.593993620469572
20.596098726769515
20.59819514455515
20.600282886686816
20.60236196944139
20.60443240803206
20.606494217283178
20.608547417664457
20.610592023520557
20.612628052015747
20.614655527240586
20.61667446744238
20.618684896286318
20.620686835223808
20.622680299130067
20.62466530524395
20.626641868501984
20.628610007397103
20.630569741547976
20.632521087728918
20.634464063570498
20.636398680006852
20.638324947068003
20.64024287549894
20.642152476911686
20.644053771621422
20.64594678164714
20.647831529812258
20.649708037259163
20.65157631675869
20.65343637947799
20.655288237985364
20.657131907872042
20.658967409018025
20.660794764659798
20.662613996663644
20.66442511786361
20.666228137744675
20.668023063472013
20.669809900687717
20.671588661519944
20.673359361417283
20.675122015150837
20.676876635788574
20.678623236044192
20.680361825206514
20.682092411239758
20.68381500738743
20.685529626705446
20.68723628058296
20.688934984040287
20.690625752903063
20.692308601963326
20.69398354417459
20.695650590855063
20.69730975210628
20.698961040209625
20.700604471101308
20.702240058370304
20.703867813919583
20.70548775093682
20.70709988292435
20.708704223711432
20.710300786985865
20.711889584522783
20.71347062668654
20.715043918338107
20.71660946228247
20.71816726494145
20.71971733287311
20.721259675499848
20.72279430310681
20.724321225427182
20.725840455236302
20.72735200150289
20.728855873919116
20.730352084196916
20.73184064112538
20.733321557449795
20.734794844013006
20.73626051164038
20.737718571141126
20.739169026891464
20.740611886156692
20.742047153703144
20.743474834507
20.744894942728173
20.746307490629476
20.74771248735276
20.74910994072653
20.750499855233546
20.75188223437792
20.753257084785442
20.754624415320635
20.75598423577781
20.757336557115774
20.758681391895244
20.76001875474265
20.761348654572227
20.762671101342185
20.763986107076587
20.765293674322983
20.766593808082142
20.767886509612342
20.769171774532573
20.770449606192496
20.771720004924276
20.7729829727552
20.774238513642334
20.77548662874422
20.776727325182875
20.77796060862578
20.77918648777466
20.780404976570445
20.781616088049724
20.7828198371858
20.784016234432578
20.785205288269534
20.786387007561167
20.78756139952915
20.788728473604788
20.789888241221227
20.79104070990945
20.792185883569186
20.793323767315563
20.794454362040728
20.795577668983142
20.796693693203665
20.797802434676946
20.798903895154222
20.799998070603205
20.801084955570282
20.8021645528507
20.803236857683
20.80430187603801
20.80535962221106
20.806410105341605
20.80745334132148
20.808489338839895
20.809518102193913
20.810539632983172
20.81155392905466
20.812560992583773
20.813560822527098
20.814553423894427
20.815538802544733
20.816516961176486
20.81748790925295
20.818451651845532
20.819408193293576
20.820357540968676
20.821299697910504
20.822234670525482
20.82316246638707
20.824083088013463
20.82499654023858
20.82590282667441
20.826801944932026
20.827693893904367
20.82857867186761
20.829456271566507
20.830326689563464
20.83118992831297
20.832045988042275
20.832894870547392
20.83373658018603
20.83457111528146
20.83539847440569
20.83621866183793
20.83703167810822
20.83783752725939
20.838636216833883
20.839427747342583
20.840212122190916
20.84098934454138
20.841759415682045
20.84252233942594
20.84327811345379
20.84402673480981
20.844768201832427
20.845502510796678
20.84622966109652
20.84694965059248
20.847662474166356
20.848368128840974
20.849066607578333
20.849757905562793
20.850442025803556
20.85111896655909
20.851788727560663
20.85245131211687
20.853106720186894
20.853754953802238
20.854396010775588
20.855029887731206
20.85565658178111
20.856276084718747
20.856888393422217
20.857493505601106
20.8580914206072
20.858682141957093
20.859265665567378
20.859841988231224
20.860411105586753
20.86097300689886
20.861527686800777
20.86207513706385
20.862615348562052
20.86314831816548
20.863674036120727
20.864192491306447
20.86470367729696
20.86520758497772
20.865704210766378
20.86619355643456
20.866675621841598
20.867150408497697
20.867617914222418
20.868078132378052
20.868531053843192
20.868976669633128
20.869414972596402
20.86984594849292
20.870269581948207
20.87068586349715
20.871094780955534
20.871496324298157
20.871890489109298
20.872277266500507
20.872656649668954
20.873028637159642
20.87339321878218
20.873750383855953
20.874100124229095
20.874442419376386
20.874777250845963
20.87510460729139
20.875424471582736
20.875736830232814
20.876041671974537
20.876338985136634
20.87662876342187
20.87691100059724
20.87718568842753
20.87745281593517
20.877712369537402
20.877964330564932
20.878208681546187
20.87844541176635
20.878674507017593
20.878895952872043
20.879109735313616
20.87931583521801
20.879514235383887
20.87970491700546
20.879887858607812
20.880063041545903
20.88023044558935
20.880390052341163
20.88054184310798
20.880685795796186
20.88082188898083
20.88095009886506
20.88107040269183
20.881182780880764
20.881287211889386
20.88138367749937
20.881472161463982
20.881552645378722
20.881625118249595
20.881689566452486
20.881745966106685
20.881794296270446
20.881834531378754
20.881866638194563
20.881890583727266
20.881906328829178
20.881913836639903
20.881913072483783
20.881903998404315
20.881886583202174
20.881860796980572
20.88182661012391
20.881783993394194
20.88173291863576
20.881673357320626
20.88160527425094
20.88152863728559
20.881443410052345
20.88134955375796
20.881247037235052
20.881135821414674
20.88101586572152
20.880887130500845
20.880749568495922
20.880603129415164
20.880447765942684
20.880283436403314
20.88011009656266
20.879927704332104
20.879736212875777
20.87953556465024
20.879325703342214
20.879106567321315
20.878878094500045
20.878640224872868
20.878392895551546
20.878136043919977
20.87786960467207
20.877593513233297
20.877307703067828
20.87701210336096
20.876706637531118
20.876391219795835
20.876065763162263
20.875730180256483
20.875384380814086
20.87502827400606
20.874661771820506
20.874284777638103
20.87389718553265
20.87349889297863
20.873089780328602
20.872669726499776
20.872238615842065
20.871796305813866
20.871342656701092
20.87087752518154
20.870400735335053
20.86991211557192
20.86941147782891
20.868898602974184
20.868373270103007
20.86783521666445
20.867284120646712
20.866719590485385
20.86614105923131
20.865547588380572
20.864937018508805
20.864311600182727
20.86367235795837
20.863019952580558
20.862354866345076
20.861677494793305
20.86098817709021
20.860287204650724
20.859574847466295
20.858851356427714
20.858116956693316
20.85737186106261
20.8566162689476
20.855850353917322
20.8550742845614
20.854288226051636
20.853492318466838
20.85268670908595
20.85187155065815
20.851046960350434
20.850213062939062
20.8493699845378
20.848517816334194
20.84765666930865
20.84678664885414
20.8459078358837
20.845020326920746
20.84412420196451
20.84321952352851
20.842306365703504
20.84138478718714
20.84045482803131
20.8395165420837
20.838569960740298
20.8376151123462
20.836652032737362
20.835680718450615
20.834701185519563
20.833713436869367
20.832717444379913
20.831713207763716
20.830700687515325
20.829679842092297
20.828650639183447
20.82761300196997
20.82656687400621
20.82551218145099
20.824448830065634
20.823376739684864
20.822295783469027
20.821205840981843
20.82010678202385
20.818998449810813
20.81788071589255
20.816753406867498
20.81561635600554
20.814469358018428
20.813312183020738
20.812144615075894
20.81096639509118
20.80977726025062
20.808576890313304
20.807364928454056
20.806141021019307
20.80490479123662
20.80365586579665
20.802393815018892
20.801118182118135
20.79982845072192
20.798524030266584
20.797204314210493
20.795868658510425
20.7945163815596
20.793146682697824
20.79175871730525
20.79035161721906
20.788924444734153
20.78747610447038
20.786005412055133
20.784511074541644
20.782991704720715
20.78144574925077
20.779871445658525
20.778266837270436
20.776629782922576
20.77495805512815
20.77324916935254
20.77150036826909
20.769708886882157
20.767871580125124
20.76598490541993
20.764045047424542
20.76204793771429
20.759989403798606
20.757865039577425
20.755670180998383
20.75339975969929
20.751048244016868
20.748609860393127
20.746078490702015
20.74344785219381
20.740711407250117
20.737862291736857
20.734893788335132
20.731798812838967
20.72856950735697
20.725197663386446
20.72167480096232
20.717992438914752
20.714142464496373
20.71011593655374
20.705903656966502
20.70149652033363
20.696885152051014
20.692059383101927
20.68700847563276
20.681722228507873
20.676191167288323
20.67040582196447
20.664356567842987
20.65803251587819
20.651424436417752
20.644524809611816
20.637325143549642
20.629819317627703
20.62200471503568
20.613876983294272
20.60543799048947
20.59668835481323
20.5876357012028
20.578293604313746
20.568676979931254
20.558811154670217
20.54873071133449
20.538475874331642
20.528103090274502
20.517679507923646
20.50729042509106
20.49704299922386
20.487063899375165
20.47750519954227
20.468557083438
20.460453996607114
20.45346680537863
20.447932394546598
20.44425208844785
20.4429044801287
20.44443470961495
20.449318699164955
20.45811221862825
20.478887993436683
20.51580290320563
20.567328085843716
20.61941823554055
20.66945695599959
20.71741068897205
20.763326238531146
20.807215625640442
20.849061144959126
20.888824373438172
20.92645312142499
20.961886269564026
20.995057329375722
21.025897125008772
21.05433593538314
21.080305211096256
21.103739046669123
21.1245753948434
21.14275713460308
21.158232977720942
21.17095823674985
21.18089545703084
21.188014728425365
21.192294775651515
21.193724200087505
