0.5194063700443899
0.5194066355017802
0.5194070772564828
0.5194074377631275
0.5194076629044393
0.5194078172742305
0.5194079156915161
0.5194079532599274
0.5194079814491482
0.5194079799865562
0.5194079503773927
0.5194078974952725
0.5194078309997735
0.5194077351222128
0.5194075901073297
0.5194074576166954
0.5194073452626157
0.5194072526066801
0.51940714095344
0.5194070151201332
0.5194069177723848
0.5194068224066349
0.5194067137239818
0.5194065707644648
0.5194064283451558
0.5194062991984506
0.5194061800772176
0.5194060538558688
0.5194058943072862
0.5194057092358769
0.5194055080827857
0.519405307621692
0.5194051063462413
0.5194048825842306
0.5194046433169434
0.5194043930187315
0.5194041389596727
0.5194038721778577
0.5194035953595766
0.5194033026611306
0.5194029948455975
0.5194026836024882
0.5194023631561668
0.5194020287077667
0.5194016788000801
0.5194013171397883
0.5194009303211996
0.519400527731405
0.5194001092231116
0.5193996725297285
0.5193992198287547
0.5193987634950838
0.5193982980900096
0.5193978132712266
0.5193973198040986
0.5193968297643845
0.519396336143531
0.5193958443552679
0.5193953584365487
0.5193948800811827
0.5193944031435591
0.5193939387135331
0.5193934828128336
0.519393037819501
0.5193926111643906
0.5193922133896678
0.5193918368391698
0.5193914772001149
0.519391146145724
0.519390841712879
0.5193905612327175
0.5193903034596251
0.5193900652642498
0.5193898411154945
0.5193896287907296
0.5193894208782609
0.5193891950975036
0.5193889543262876
0.5193886904287175
0.5193883862404992
0.5193880421809602
0.5193876513232764
0.5193872031169322
0.5193866869852231
0.519386106650161
0.5193854627590268
0.5193847464360467
0.5193839596586841
0.5193830955042553
0.5193821712196944
0.5193811861772374
0.5193801592993864
0.5193790933840728
0.5193779937923582
0.5193768851746614
0.5193757784845281
0.5193746948057045
0.5193736443986372
0.5193726447945106
0.5193717141050388
0.5193708591762417
0.5193701011359539
0.5193694496718807
0.5193689093822633
0.5193684955235677
0.5193681996977865
0.5193680268689159
0.5193679753217321
0.5193680328991022
0.5193681789977882
0.5193684144950513
0.51936872360286
0.5193691006940753
0.5193695225635029
0.5193699730882684
0.5193704402862874
0.5193709176485688
0.5193713816190638
0.5193718175901891
0.5193722276381738
0.5193726007142024
0.5193729260665781
0.5193731943856356
0.5193733976225798
0.519373533867721
0.5193735905222872
0.5193735558667655
0.5193734264361843
0.5193732000402758
0.5193728747982739
0.5193724458176007
0.5193719026736637
0.519371244650121
0.5193704761005126
0.5193695922629418
0.5193685966636945
0.5193674747846924
0.5193662295102144
0.5193648713432771
0.5193634030439511
0.5193618198538917
0.5193601254058147
0.5193583425178513
0.5193564943009495
0.5193546001395783
0.5193526980563549
0.5193508297330478
0.5193490390655447
0.5193473831160581
0.51934593402676
0.5193447509260177
0.5193438910977792
0.5193434314068522
0.5193434328600848
0.5193439522031132
0.5193450099228389
0.5193466117751906
0.5193487418323263
0.5193513733194841
0.5193544588241448
0.5193579011425421
0.5193616127986469
0.5193655113380408
0.5193695037429785
0.5193735004524235
0.5193774302349791
0.5193812275439569
0.5193848310106904
0.5193882189347448
0.5193913740426108
0.5193942803829864
0.519396935826092
0.5193993475978277
0.519401518337149
0.5194034591203837
0.519405194389625
0.5194067398075669
0.5194081141976178
0.5194093416139495
0.5194104421890947
0.5194114301596517
0.5194123282165054
0.5194131487861323
0.5194139032973816
0.519414602934026
0.519415268374958
0.519415917553242
0.5194165567549319
0.5194171877759395
0.5194178141741689
0.5194184402050644
0.5194190668985157
0.5194197009825632
0.5194203292953913
0.5194209453850167
0.5194215571885006
0.519422148758879
0.5194227219559862
0.5194232666579431
0.5194237775383107
0.5194242387783053
0.519424648345702
0.5194249889395259
0.5194252619946793
0.5194254619868296
0.5194255701092145
0.5194255963745168
0.5194255112014706
0.5194253220273664
0.5194250147064153
0.5194245804542771
0.5194240055817347
0.5194232934701737
0.5194224364837253
0.5194214292457018
0.519420270470886
0.5194189597777255
0.5194174932086417
0.5194158662179256
0.5194140725014819
0.5194121099561477
0.5194099624122607
0.5194076442971829
0.5194051494000972
0.5194024829361169
0.5193996504665492
0.5193966302943014
0.5193934446937284
0.5193900768983203
0.519386531269696
0.5193828074554815
0.5193789263310967
0.5193748761334098
0.5193706501362239
0.519366265265101
0.5193616972738586
0.5193569541013047
0.5193520271800882
0.5193469367821609
0.5193416781553796
0.5193362497266689
0.5193306520482446
0.5193248553611861
0.519318865456993
0.5193126512729315
0.5193062232569801
0.5192995868786298
0.5192927258707215
0.5192856105359455
0.5192782438462249
0.5192706185933277
0.5192627152090119
0.5192544957252091
0.5192459468369405
0.519237040698409
0.5192277745382624
0.5192181030959728
0.5192080040183942
0.5191974438181499
0.5191863682304148
0.5191747286532435
0.5191624718980807
0.5191495479945455
0.5191358780428927
0.519121390046788
0.5191060111647305
0.5190896356802346
0.5190721578443225
0.5190534612024528
0.5190334194211701
0.5190118587007959
0.5189885992870233
0.5189634184638252
0.5189360409001865
0.5189062325687743
0.5188736372256368
0.518837814443636
0.5187983225972382
0.5187545248172537
0.518705758594414
0.518651123583666
0.5185895024858774
0.5185196384733706
0.5184397820376327
0.5183477281775642
0.5182407724072919
0.5181152815472573
0.5179670095140543
0.5177906779898246
0.5175807862460707
0.5173335134124368
0.5170499752391272
0.5167417194909626
0.5164329016834449
0.5161553628281539
0.5159362024536612
0.5157880657849752
0.5157080940352599
0.5156832811702617
0.5156975645792929
0.5157364663271727
0.5157893429200238
0.5158500059792847
0.515915505640993
0.515984298939977
0.5160553841856975
0.5161268881675295
0.5161960397831324
0.5162599707250962
0.5163164437833868
0.5163643185963951
0.5164035748807477
0.516434955338835
0.5164597602646719
0.5164793674502705
0.516495026757684
0.5165078042833641
0.5165184352309257
0.5165276985366157
0.5165360444747019
0.5165437936422025
0.5165512294097769
0.5165584903374719
0.5165658944167019
0.5165734491750156
0.5165813624343933
0.5165897278775183
0.5165985669841193
0.516607750312166
0.5166173028738804
0.5166273034143201
0.516637777360229
0.5166487118114047
0.5166599893387311
0.5166716246737139
0.5166838008190159
0.5166963658332014
0.5167093342715565
0.5167226004264539
0.5167361758190967
0.5167499053367925
0.5167638995676663
0.5167779718175712
0.5167920393557276
0.5168061278739366
0.5168202793317687
0.5168343012831668
0.516848171792383
0.5168619438500167
0.5168752972102896
0.5168885174123397
0.5169015266081607
0.5169141265927683
0.516926302941964
0.5169382917241845
0.5169496038931105
0.5169604423889721
0.5169711214962656
0.5169809909578108
0.5169906075821272
0.5169997371499719
0.5170081976247556
0.5170159753922704
0.5170237849669136
0.5170307424207202
0.5170372115477455
0.517043762566593
0.51704912447598
0.5170542863597877
0.517059085482568
0.5170633212816261
0.5170670021590544
0.5170707949802962
0.5170738415224583
0.5170765518328214
0.5170793360686765
0.5170814580202973
0.517083556465346
0.5170856036272062
0.517087554120378
0.5170893496124201
0.5170912588737516
0.5170932310243649
0.5170953103679657
0.5170975344137007
0.517100353741041
0.5171031961488259
0.5171063807493949
0.5171104921986517
0.5171152754395834
0.517120513838687
0.5171270459686003
0.5171344789944629
0.5171425263486549
0.5171518889477544
0.5171619567356336
0.5171723580043645
0.5171825495618959
0.5171917244206782
0.5171981484965776
0.5171994772355439
0.517192142873936
0.517173267291772
0.5171400283788649
0.5170909469750533
0.5170270451006236
0.5169529065410535
0.5168745412646343
0.5167976063259998
0.516726506105215
0.5166633981149349
0.5166088917036866
0.5165625749290913
0.5165236788648687
0.5164913847978327
0.516464881255592
0.5164434766293176
0.5164264967254706
0.5164132066151546
0.5164031210062796
0.5163958448164819
0.5163908805768247
0.5163878754743577
0.5163865385256277
0.5163865674601926
0.5163877142208706
0.5163897380460295
0.516392458965593
0.5163957085270551
0.5163993393891636
0.5164032839845034
0.5164074247672036
0.5164116923900529
0.5164160889196912
0.5164205273239518
0.516424989632046
0.5164295138531175
0.5164340234017687
0.5164384777521728
0.5164428828754135
0.5164471958585841
0.5164513788171508
0.5164553838689945
0.5164591991553509
0.5164628904354818
0.516466430053216
0.5164697869966103
0.5164730703539618
0.5164762682620194
0.516479314552226
0.5164823140684783
0.5164853115509336
0.5164882477837347
0.5164911303818965
0.5164939526466189
0.5164967059066914
0.5164994014506699
0.5165020003165144
0.5165045286208128
0.5165070066474436
0.5165093496392574
0.5165115719421397
0.5165137210554369
0.5165157612680165
0.5165176495112859
0.51651936735065
0.5165209653085736
0.516522451012844
0.516523747767975
0.5165249080335322
0.5165260100143612
0.5165270043586699
0.516527918181748
0.5165288730465182
0.5165298471657763
0.5165307587814171
0.5165316862799523
0.5165326914306511
0.5165336828979542
0.5165345798732943
0.5165354436257906
0.5165363641250459
0.5165372372757487
0.5165379836148668
0.5165387316525668
0.5165395102014348
0.5165402173705937
0.516540861495592
0.5165415325802516
0.5165422576885845
0.516542992989678
0.5165437485729153
0.5165446062309056
0.5165455140942529
0.5165464093127368
0.5165473856087942
0.5165483953197033
0.5165493343851628
0.5165502941460378
0.5165512817755439
0.5165522348515693
0.5165531817576856
0.5165540781493236
0.5165549078017648
0.5165557043595712
0.5165564679691782
0.5165572431940726
0.5165580223069047
0.5165587910581215
0.5165596193166477
0.516560490754476
0.5165613480482363
0.5165622589067033
0.5165632175345364
0.516564103862224
0.5165649202775713
0.516565707178318
0.5165664580400928
0.5165672132174813
0.5165680089879926
0.5165688371777565
0.5165696693805735
0.5165704638024238
0.5165712226801372
0.5165719878731666
0.5165727545504396
0.5165735142136311
0.5165743208165321
0.516575182898132
0.5165760916760259
0.5165770297542849
0.5165779288785104
0.5165788253063156
0.5165797550344026
0.516580628854325
0.516581436675879
0.5165822451929222
0.5165830740043887
0.5165839214898155
0.516584766800671
0.5165856114135358
0.516586493629304
0.5165874366232504
0.5165883902436836
0.5165893218760325
0.5165902694633637
0.5165912262337418
0.5165921918917861
0.5165931778481522
0.5165941823077934
0.5165952000138629
0.5165962027485274
0.5165972024848028
0.5165981990658258
0.5165991865412706
0.5166001987358
0.5166012170491767
0.5166022351515533
0.5166032820189509
0.516604335503137
0.5166053832739657
0.5166064480173919
0.5166075249564963
0.5166085894224787
0.5166096335529452
0.5166106929245942
0.5166117649973221
0.5166127857524079
0.5166137925466997
0.5166148409486333
0.5166158492008723
0.5166168263998784
0.5166178715234258
0.5166189240749486
0.5166199582627143
0.5166210412346908
0.5166221498060424
0.5166232772050257
0.5166244281011967
0.5166256022714893
0.5166268475170455
0.5166281341697136
0.5166294364816335
0.5166308343609788
0.5166323227429946
0.5166337838584182
0.5166351959271113
0.5166366191148309
0.5166380279213937
0.516639394945944
0.5166407410352444
0.5166420582182959
0.5166433571907141
0.5166446621711
0.5166459710009509
0.516647294643593
0.5166486403529842
0.5166499852274213
0.5166513372097589
0.5166527076495405
0.5166540588813008
0.5166554127605674
0.5166568166898671
0.516658213900256
0.5166595905203086
0.5166610230047838
0.516662482945402
0.5166638825091816
0.5166652420451814
0.5166666452303227
0.516668096421675
0.5166695780356767
0.5166710999339618
0.516672638019926
0.5166742151123254
0.5166758009508597
0.5166773203701461
0.5166788181741462
0.516680309762434
0.5166817986882973
0.5166833024424722
0.5166847974114648
0.5166863298478989
0.5166879093045617
0.5166894589119343
0.5166909752406915
0.5166925021801203
0.5166940357705497
0.5166955319212446
0.5166969852031374
0.5166984684679957
0.5167000070566433
0.5167015493361201
0.5167031154658223
0.5167047263471491
0.5167063127519952
0.516707884607557
0.5167094699754939
0.5167110704322515
0.5167127433252499
0.5167143998571423
0.51671600598982
0.5167176707509972
0.5167193157094456
0.5167208929108651
0.5167224813915156
0.5167240756520811
0.5167256498996012
0.5167272062578917
0.5167287217437716
0.5167302183710772
0.5167317649021831
0.5167333542972473
0.5167349564661909
0.5167365851546999
0.5167382115045969
0.5167397847530113
0.5167413385943915
0.5167428973740219
0.5167444392594926
0.5167460358397314
0.5167477027399152
0.5167493377373958
0.5167510022106515
0.5167527423434212
0.5167544105512627
0.5167560276046734
0.5167576839263761
0.5167593072303357
0.5167608975514579
0.5167624858295216
0.5167640540319863
0.5167656474815404
0.5167672724592346
0.5167688846445506
0.5167705071802511
0.5167721414964704
0.5167737459828035
0.5167753350837135
0.5167769015348281
0.5167784526144776
0.5167800340422186
0.5167816010994473
0.5167831649874743
0.516784790483509
0.516786435845513
0.5167880443851002
0.516789622721574
0.5167912372715621
0.5167928829172008
0.5167944751335575
0.5167960607886855
0.516797700157432
0.5167993677204581
0.5168010754616211
0.5168028287303491
0.5168045855273591
0.5168063043474614
0.516807994574514
0.5168096530425506
0.516811251286671
0.5168128454686794
0.5168144590280329
0.5168160299563659
0.5168175730523991
0.5168191358570681
0.5168207194331838
0.5168223276855333
0.5168239776821628
0.5168256615673568
0.5168273457800149
0.5168289839669339
0.516830552529981
0.5168321213013126
0.516833730622624
0.5168353184609313
0.5168369030798096
0.5168385655614767
0.5168402586849831
0.516841920073391
0.5168435622261497
0.5168452122544024
0.5168468825424399
0.5168485276253502
0.516850132078687
0.5168517462483031
0.5168533648215314
0.5168549735627797
0.5168565827999939
0.5168581631531772
0.5168597439310569
0.5168613737634247
0.5168630581992526
0.5168647667868478
0.5168664748720219
0.5168682097890622
0.5168699321143196
0.5168716054462119
0.5168732484045533
0.5168748530667624
0.5168764377514555
0.5168780018353392
0.5168795196164707
0.5168810109572289
0.5168825360314514
0.5168840911329663
0.5168856159977006
0.5168871610877505
0.5168887537403155
0.5168903599227215
0.5168920231372703
0.516893720684656
0.5168954181071135
0.516897154852026
0.5168989105773738
0.5169006420231302
0.5169023415074644
0.5169040022071991
0.5169056266677197
0.5169072322960055
0.5169088336217208
0.5169104187668506
0.5169119554092572
0.5169134847193539
0.5169150591702346
0.51691663765307
0.5169182162220797
0.5169198514584658
0.5169215135218843
0.5169231539140628
0.516924808267984
0.5169264652041917
0.5169280913491703
0.516929710741403
0.516931317938202
0.5169329141698416
0.5169344942437555
0.5169360374798254
0.5169375855433153
0.5169391397662
0.5169406770142028
0.516942236075254
0.5169438080885133
0.5169453843201198
0.5169469867541704
0.5169485727446835
0.5169501469574461
0.5169517171127974
0.51695325558493
0.5169547979771862
0.5169563663387101
0.5169579863579014
0.5169596438484073
0.5169612732808878
0.5169629020267419
0.516964532120414
0.51696610656834
0.516967651620319
0.5169691889693984
0.5169707349791515
0.516972317338034
0.5169738689542368
0.5169753939740398
0.5169769607008892
0.5169785122705894
0.5169800527639805
0.5169816220055445
0.5169831892648117
0.5169847853074869
0.5169863957347701
0.5169879808565436
0.5169895766185364
0.5169911531013415
0.516992706207753
0.5169942573637191
0.5169957839061278
0.5169973101116248
0.5169988114624188
0.5170002700597359
0.5170017457829895
0.5170032125753801
0.5170046529048192
0.5170061379921765
0.517007602582243
0.517008984528359
0.5170103658822484
0.5170117381438322
0.5170130996329999
0.5170145325786416
0.5170159953128292
0.5170174704448961
0.5170189773004595
0.5170204217921894
0.5170218131523103
0.517023187290146
0.5170245067010838
0.5170258166342278
0.5170270914087952
0.5170283144399433
0.5170295790669031
0.5170308387116355
0.5170320620572157
0.5170333395875979
0.5170346355145728
0.5170359174528447
0.5170372272480118
0.5170385154443159
0.5170397787169774
0.5170410611382058
0.5170423197627394
0.5170435439646383
0.5170447600169226
0.5170459573711008
0.5170471598534435
0.5170483612484437
0.5170495197783888
0.5170506740469251
0.517051828089126
0.5170529623575938
0.5170541131745104
0.5170552392846709
0.5170563166142114
0.5170574161084466
0.5170585179922709
0.517059578732614
0.5170606339056173
0.5170616712005157
0.5170627044311672
0.5170637503411638
0.5170647466309158
0.5170657365994009
0.5170667668487585
0.5170677741284754
0.5170687552751053
0.5170697131214517
0.5170706400819162
0.5170716032713866
0.5170725563852203
0.5170734311408328
0.517074312395045
0.5170752237035293
0.517076119167437
0.5170770267667463
0.5170779539739994
0.5170788596720114
0.5170797501421237
0.5170806261125219
0.5170814633983689
0.5170822933546283
0.517083125494619
0.5170839449898906
0.5170847439430911
0.5170855050656574
0.5170862763642826
0.5170870775163977
0.5170878850344238
0.5170887063218392
0.5170895273837728
0.5170903750655867
0.5170912422460703
0.5170920343255634
0.5170927843822365
0.5170935532973713
0.5170942984679562
0.5170950373595498
0.517095806131092
0.5170965683917725
0.5170973033215714
0.5170980403696555
0.5170987809878306
0.5170995012870894
0.5171002310190551
0.5171009847094864
0.5171017188227505
0.5171024049098049
0.5171030571297006
0.517103741016598
0.5171044489632353
0.5171050911284034
0.5171057257722947
0.5171064395705748
0.5171071459599549
0.5171078270417749
0.5171085662954547
0.5171093094849462
0.5171100228544545
0.5171107592222416
0.5171114837934749
0.5171121798557061
0.5171128762732234
0.5171135636231724
0.5171142341587442
0.5171148413803817
0.5171153913757208
0.5171159693070162
0.5171165297513778
0.5171170198819498
0.517117533192598
0.5171181043165407
0.5171186879019569
0.5171192761128157
0.5171198753684754
0.517120474050003
0.5171210449581539
0.5171216156632866
0.5171222263646493
0.5171228190518883
0.5171233818660463
0.5171239722016865
0.5171245510079666
0.5171250826474663
0.5171255714858563
0.5171260234500414
0.5171264811700179
0.5171269204575142
0.5171273456900102
0.517127827221759
0.5171282889445564
0.517128722357013
0.5171291941772471
0.5171296262389917
0.5171300507402415
0.5171305392354518
0.5171309644172143
0.5171313124380341
0.5171316799329427
0.5171320233076891
0.5171323343703602
0.5171326462772968
0.5171329332630847
0.5171332052014106
0.5171334674092999
0.5171336988278292
0.5171339341512166
0.517134192981188
0.5171344507254163
0.5171347443254628
0.5171350697462255
0.5171353573443027
0.5171356223666125
0.5171358704932322
0.517136076926745
0.5171362643443522
0.5171364213439898
0.5171365458089446
0.5171366661651946
0.517136784146487
0.5171368973249845
0.5171370238621905
0.5171371372726262
0.5171371799917692
0.5171372235862728
0.5171373169983534
0.5171373689427552
0.5171373699797115
0.5171373516613003
0.5171373112131278
0.5171372838819855
0.5171372523412272
0.5171371539778986
0.517137029737844
0.5171369659730074
0.5171368823607388
0.517136725870182
0.5171366207447812
0.5171365398083254
0.5171363792487522
0.5171362193192605
0.5171360674999992
0.5171358354692948
0.5171356103101545
0.5171354297619187
0.5171351498707019
0.5171348159731266
0.5171345456773305
0.5171342288559843
0.51713385285658
0.5171334886843117
0.5171330814537908
0.5171326276416635
0.5171321329442413
0.5171316043025677
0.5171311087477899
0.517130617420407
0.5171300750377639
0.5171295048283443
0.5171289387778936
0.5171283689346157
0.5171277765283674
0.5171271900038814
0.5171265926096998
0.5171259456068535
0.517125312900202
0.5171246432991837
0.5171238482546524
0.5171230664126808
0.5171223235311457
0.5171214893565862
0.5171206219039571
0.5171198105991665
0.5171189825440202
0.5171180829181891
0.5171171838509228
0.5171163194635834
0.5171153973335515
0.5171144182129105
0.5171134536233849
0.5171124529592294
0.5171113880621329
0.5171103377233021
0.5171092961068131
0.517108195494251
0.5171070943794893
0.5171060118238029
0.5171048639226513
0.5171036717430899
0.5171025074393759
0.5171013591681839
0.5171001574220059
0.517098891971827
0.5170976289191452
0.5170963839670291
0.5170951319311289
0.517093865011894
0.5170925713549501
0.5170912701702103
0.517089990152137
0.5170887284444609
0.5170874559320006
0.5170861482172872
0.517084827214008
0.5170834474900695
0.5170819566622046
0.5170804635857694
0.5170789878472809
0.5170774195083668
0.5170758344347247
0.517074293390597
0.517072703453161
0.5170711125187442
0.5170695475988876
0.5170679231676896
0.5170662988434035
0.5170647134728176
0.5170631021568133
0.5170614761459819
0.5170598731494206
0.5170582890572178
0.5170566845899
0.5170550448649632
0.5170534104618947
0.5170517446106514
0.5170499973457067
0.5170482284799229
0.5170464773116598
0.5170447165989606
0.5170429191666721
0.5170410951312226
0.5170392530224842
0.5170373721014445
0.5170354981502867
0.5170336452611206
0.5170317188800698
0.5170297540106297
0.517027826981234
0.5170258768229722
0.5170239121325009
0.5170219674328295
0.517020033053508
0.5170181478525363
0.5170162669282341
0.5170143645314121
0.5170124843757322
0.5170105545919679
0.5170085697897353
0.5170065805973652
0.5170045430116753
0.5170024735378721
0.5170004134492305
0.5169983411900013
0.5169962605806641
0.5169941539284858
0.516992003741306
0.5169898739080204
0.5169877809033931
0.5169856873488898
0.5169835966964668
0.5169815434055943
0.5169795355135149
0.5169774856941312
0.5169753650320578
0.516973273441519
0.516971176016839
0.5169690298658903
0.5169669185581152
0.5169647876282765
0.5169625882544598
0.5169603616761347
0.5169580963670539
0.5169558023850436
0.5169534940722635
0.5169511878529794
0.516948889808763
0.5169465793240658
0.5169442658786292
0.5169419196943892
0.5169395331538535
0.5169371526649746
0.5169347144155961
0.5169321892127325
0.5169296524280109
0.5169270905022945
0.5169244918953708
0.5169218948236178
0.5169193264120494
0.5169168008684567
0.5169142376780221
0.5169116066145789
0.5169089561728587
0.5169062208417315
0.5169034093268707
0.5169005801112161
0.5168976712438833
0.5168947284867501
0.5168917838690786
0.5168887138203092
0.5168855776659105
0.5168824416012996
0.5168791659313445
0.5168757767031426
0.5168723969009689
0.5168689785916064
0.516865487928846
0.5168619666985096
0.5168583968515766
0.516854739865919
0.5168509991056143
0.516847181781062
0.5168433176176495
0.5168394286419875
0.5168354167652927
0.5168312688595301
0.5168271020753232
0.5168228218818797
0.5168183533630616
0.5168138566717284
0.5168092866100205
0.5168045119486169
0.5167996400459074
0.5167947034825754
0.5167896245260111
0.5167843830141601
0.516778966267528
0.5167734140353991
0.5167677097866511
0.516761805799759
0.5167557661376584
0.5167495550923319
0.5167431277239465
0.5167365392771477
0.5167296972479228
0.5167225675560632
0.5167152623357146
0.5167077236053899
0.5166999186580742
0.5166919231822219
0.5166836991644542
0.516675223202378
0.5166664408119542
0.5166572810827973
0.5166477966441052
0.5166378990420065
0.5166275131168924
0.5166167006865797
0.5166053442600345
0.5165934142856271
0.5165809493863452
0.5165678008194482
0.5165539202400357
0.5165392415878474
0.5165235912151297
0.5165068909528736
0.5164889282530634
0.5164694233607257
0.5164481833796981
0.516424740225575
0.5165352104425115
0.5166435397468436
0.5167501356319442
0.5168552362637204
0.5169589812858336
0.5170615020022731
0.5171629196098861
0.5172632458065546
0.5173625821060456
0.5174609077428973
0.5175581517846634
0.5176545368349056
0.5177499972267623
0.5178444288749263
0.5179380624374679
0.5180307817034873
0.5181225450845255
0.5182135268251574
0.5183035703533524
0.5183926718795031
0.5184808981054334
0.5185681179239907
0.5186544183052918
0.5187398136982928
0.5188241408655225
0.5189074268580208
0.5189896884268439
0.5190708097811346
0.5191507399478822
0.5192295831631192
0.5193073344006117
0.5193837967131736
0.5194590995026526
0.5195333011880229
0.5196061158925246
0.5196776524354916
0.5197478181268159
0.5198164337801529
0.5198837454605373
0.5199494616518393
0.5200135481239384
0.5200761869324437
0.5201369397464363
0.5201959749350911
0.5202532822786087
0.5203084902280646
0.5203618055550129
0.5204130382276526
0.5204621699356807
0.5205091765039883
0.5205538061011322
0.5205962633878835
0.5206361229181943
0.5206732862341872
0.5207076549880643
0.5207387544660429
0.520766628591717
0.5207909543531188
0.5208119209602168
0.5208290163763255
0.5208420376787267
0.5208509861814318
0.5208550589276713
0.5208546695587144
0.520849009834687
0.5208379283009322
0.5208209895519466
0.5207974240347936
0.5207671562656351
0.5207294947505015
0.5206839542788297
0.5206303205217592
0.5205676785789315
0.5204954141543174
0.5204128997743009
0.5203191506536008
0.5202141550390799
0.5200963126399898
0.5199657075194335
0.5198208941367402
0.5196615579619558
0.519487426595082
0.5192979189133327
0.5190926571164518
0.518871675564498
0.5186342167704363
0.5183826974164428
0.5181173209319366
0.5178409695967311
0.5175549546685233
0.5172628903268113
0.5169707152831983
0.5166813693416692
0.5164009645202834
0.5161358379949804
0.5158922670423886
0.5156763649719417
0.5154949933661803
0.515353767906856
0.5152582043852706
0.5152132066429574
0.5152231090022753
0.5152895619586861
0.5154139881137958
0.5155955707526266
0.5158315155888457
0.5161204066604815
0.5164586599178187
0.5168426577623906
0.5172697216014688
0.5177372423019443
0.518243594571357
0.5187847735576941
0.519356562605748
0.5199615588389138
0.5206000331549486
0.5212732156153287
0.5219836052651665
0.5227323356591065
0.5235208880189212
0.5243546087525053
0.525233144656556
0.5261645778318359
0.5271560028197335
0.5282068643392342
0.5293214909551651
0.530510151676788
0.5317745251533713
0.5331134484250979
0.534536850254711
0.5360550331525666
0.5376668205279582
0.539377639505181
0.5411943015948837
0.5431239602818095
0.5451678146098362
0.5473344520609705
0.5496267262497005
0.5520548963958766
0.5546163353253171
0.5573215810548687
0.5601663081975443
0.563165238307662
0.5663163731396407
0.5696201891421285
0.57307907182698
0.5766912086479316
0.580455252340489
0.5843637751939081
0.5884071849925726
0.592567346616384
0.5968634492756772
0.6000163290843329
0.6000163290843329
0.6000163290843329
0.6000163290843329
0.6000163290843329
0.6000163290843329
0.6000163290843329
0.6000163290843329
0.6000163290843329
0.6000163290843329
0.6000163290843329
0.6000163290843329
0.6000163290843329
0.6000163290843329
0.6000163290843329
0.6000163290843329
0.6000163290843329
0.6000163290843329
0.6000163290843329
0.6000163290843329
0.6000163290843329
0.6000163290843329
0.6000163290843329
34.6200220416924
34.62006502100511
34.62019489780503
34.6204120837917
34.62071662048051
34.621108425981575
34.6215875054143
34.62215389935683
34.622807484729236
34.62354832807417
34.62437643244444
34.62529184316106
34.626294542473964
34.62738456968208
34.62856200729704
34.62982672990359
34.631178742561815
34.63261802963744
34.634144684820434
34.63575872832699
34.637460072465146
34.639248820011204
34.64112505460206
34.64308884943955
34.64514015686691
34.647278950443884
34.649505233219486
34.6518191091923
34.654220719581346
34.65671009640677
34.65928723198242
34.66195212588368
34.66470484978873
34.66754554256261
34.67047427419061
34.673491100008945
34.67659606096418
34.67978924266721
34.68307076935959
34.68644073462655
34.68989926547335
34.6934464273965
34.69708235354907
34.700807213338074
34.70462114092437
34.7085242798775
34.71251679726945
34.71659887527944
34.72077072030652
34.725032551879686
34.72938460240043
34.733827076469225
34.73836028839842
34.74298455295119
34.74770015693419
34.75250740830217
34.75740667771847
34.76239831889349
34.76748270923147
34.77266021696235
34.77793125310798
34.78329618074545
34.788755403351736
34.79430926704436
34.7999580792489
34.80570212094493
34.81154169605259
34.817477049463704
34.82350833088573
34.829635683696495
34.8358591817742
34.84217886404316
34.84859469353092
34.85510659560625
34.861714458746306
34.868418120433944
34.87521743251179
34.88211218159706
34.889102181384324
34.89618724886021
34.90336722251382
34.91064195076713
34.91801134588748
34.92547541980409
34.93303422966694
34.94068789624243
34.9484366502463
34.9562808252753
34.9642208987995
34.97225740365801
34.980391000531995
34.98862239319994
34.99695243205459
35.00538208338425
35.0139123333578
35.02254423666774
35.031278859281514
35.04011730163576
35.04906065888721
35.058109985599934
35.06726629339241
35.07653047415268
35.08590337069041
35.09538569710046
35.10497802776621
35.11468081154354
35.124494348593096
35.13441880016002
35.144454205631654
35.15460050241248
35.164857477703876
35.1752248512387
35.18570225538801
35.19628927247729
35.206985433538456
35.21779022739706
35.22870315832074
35.239723752237374
35.25085153984004
35.2620860342276
35.273426815241145
35.2848735101717
35.29642580959882
35.3080834467637
35.319846193574016
35.33171392035639
35.34368655747365
35.355764111230556
35.36794661950827
35.38023421476961
35.392627125001475
35.405125679950224
35.41773024713498
35.4304413136035
35.443259446889435
35.456185335403916
35.469219819283055
35.48236384255461
35.49561841536573
35.508984737101116
35.52246417588703
35.536058233488276
35.5497685295818
35.56359686083522
35.57754517524374
35.591615586279175
35.60581033912619
35.620131746421364
35.63458216931975
35.649163957036755
35.663879454008445
35.6787308253406
35.693719907419926
35.7088481983139
35.72411674605734
35.73952603863204
35.755075940440115
35.770765591857646
35.786593433906184
35.80255728973129
35.81865452676496
35.83488199916753
35.85123623590347
35.86771363728569
35.88431062231571
35.901023704839396
35.91784964885569
35.934785552284815
35.951828812063944
35.96897725909654
35.98622918154598
36.00358322314297
36.021038423192095
36.03859418644665
36.0562501849049
36.074006365586115
36.091862924951634
36.109820253081516
36.12787885117878
36.146039352301244
36.16430247805778
36.18266897407193
36.201139618405655
36.219715194789714
36.23839644332961
36.25718403451172
36.27607859734483
36.29508070268496
36.31419084061597
36.333409405842716
36.35273669023819
36.37217289882128
36.39171813153927
36.41137245476234
36.431135849759535
36.451008178495826
36.470989292784026
36.491078934221406
36.511276854932916
36.53158276152511
36.55199637397159
36.572517387615484
36.59314549820805
36.61388040633823
36.63472184164893
36.6556695913543
36.67672345298878
36.69788335725993
36.719149190477765
36.74052095536623
36.761998708925965
36.78358259290958
36.80527280834832
36.827069679600065
36.84897359385354
36.870985013460256
36.89310448341417
36.91533264941308
36.93767023769408
36.96011808391596
36.98267711691597
37.005348325804675
37.028132777375085
37.05103159174119
37.074045964662936
37.0971771437876
37.120426484094224
37.14379530835472
37.167285022495804
37.19089708548602
37.21463290015949
37.23849389307294
37.26248155747162
37.28659737178732
37.31084276062148
37.335219223183245
37.35972819739016
37.38437111357239
37.40914935125499
37.43406429188802
37.45911731780076
37.484309756870296
37.509642966113304
37.53511822932026
37.5607368394355
37.5865000581909
37.612409021538475
37.63846497150175
37.66466911087248
37.691022554914746
37.717526448780234
37.744181897331245
37.77099003386229
37.79795187508161
37.82506849177821
37.852340906400336
37.87977012124391
37.90735716876715
37.93510297645521
37.963008630929444
37.991075075387876
38.01930328768618
38.04769427977212
38.076249061412895
38.10496865610796
38.13385406420042
38.16290637050044
38.19212676029394
38.221516268319554
38.25107612110526
38.28080760527554
38.310712062221725
38.34079104084955
38.37104596087646
38.40147860956539
38.432090895061044
38.46288471235247
38.49386242346274
38.52502648872638
38.55637988114781
38.58792593156295
38.61966838932702
38.65161191066471
38.68376185436087
38.71612485004864
38.74870918942911
38.781525233726335
38.814586521187294
38.84791034324448
38.88151908506615
38.91544065114215
38.94970762356542
38.984353271987715
39.019404858776575
39.05487751495935
39.09077262466887
39.12708108442364
39.16378849085231
39.20087952736191
39.23834036216239
39.276159822383775
39.31432954297776
39.35284368827374
39.391698523855084
39.43089180416127
39.47042215321973
39.51028831301175
39.55048868230021
39.5910210191029
39.631882845986176
39.67307177289555
39.71458596916619
39.75642458258235
39.79858766448075
39.84107629278327
39.88389220388023
39.92703765407477
39.9705152889014
40.01432801411889
40.05847883095288
40.10297085087361
40.14780741002275
40.19299188524869
40.2385277309723
40.28441837192533
40.33066734663408
40.37727823293273
40.4242548300689
40.471600928134215
40.519320310153276
40.56741693159814
40.61589481694923
40.664758165544164
40.71401124433885
40.76365849150873
40.81370448438202
40.86415386564489
40.91501137069102
40.96628187267869
41.01797042494434
41.0700822386318
41.122622719311586
41.175597521864795
41.22901245652548
41.282873535397954
41.337187046095046
41.391959445176276
41.44719743662266
41.50290804601326
41.55909852442631
41.615776570581765
41.67295010839338
41.73062742844426
41.78881718550282
41.847528469516554
41.906770545168456
41.96655333922102
42.02688730792774
42.08778309942673
42.149252204276515
42.21130647780248
42.27395823952704
42.33722064036594
42.401107607750674
42.46563352023995
42.530813839886434
42.59666498120994
42.6632037069802
42.7304482940325
42.7984179509655
42.867132818247626
42.93661453182198
43.00688616501922
43.077971872349714
43.14989802091349
43.222692614855255
43.296385476285124
43.37100898484262
43.44659792996424
43.52318956911574
43.60082433390629
43.679546153344134
43.759402338203785
43.84044444674965
43.922728426903014
44.00631499756606
44.09126982491993
44.17766374005367
44.26557258343336
44.35507576167828
44.446255161214935
44.53919205890145
44.6339612945695
44.73062377993348
44.82921309193882
44.92971540641589
45.03204143018569
45.135986637560435
45.241180936933844
45.34702980206202
45.45266014554138
45.556891267961575
45.65826395056621
45.75515546329414
45.8459865445668
45.92947808313202
46.004870863449355
46.072022984431094
46.1313554361822
46.18368508258527
46.2300221245405
46.27139811443001
46.30875501240137
46.34289334809641
46.37446226614901
46.40397278546837
46.43182034365866
46.45830839816499
46.483669384421134
46.50808181230268
46.53168360049099
46.55458225714332
46.576862456924935
46.59859168659174
46.619824440025134
46.64060528968331
46.66097118166537
46.68095315148
46.700577598288916
46.719867210697075
46.73884173239434
46.757518546111015
46.775913009446136
46.79403885574797
46.81190850159239
46.82953314993154
46.846923020339304
46.8640875214269
46.88103530307981
46.89777436884997
46.91431214051759
46.930655520805104
46.946810979386626
46.962784555988456
46.978581898978014
46.99420834867989
47.0096689265365
47.024968353120556
47.04011111331057
47.055101441981236
47.06994333850673
47.08464062069494
47.099196916075215
47.113615680274584
47.12790023854242
47.14205374976412
47.15607920643032
47.169979501540915
47.18375739286751
47.19741549894297
47.21095636134539
47.22438240584376
47.23769595845402
47.25089927479356
47.263994512723244
47.27698375477299
47.28986900784829
47.3026522099137
47.315335250208356
47.3279199543496
47.340408086058616
47.35280135690788
47.36510142780181
47.37730988223771
47.38942825289548
47.40145805966926
47.413400746679265
47.42525769399461
47.43703027039697
47.44871980453682
47.46032757718311
47.471854827324506
47.48330277283431
47.494672593689145
47.505965419736015
47.51718237556101
47.52832456291741
47.53939303751042
47.55038882647252
47.56131294465653
47.57216638708591
47.58295008916145
47.593664964272335
47.60431194506798
47.614891910140365
47.625405698725096
47.63585418558994
47.64623819914818
47.656558492592765
47.666815857667636
47.67701108378775
47.68714489759706
47.69721803920912
47.707231243972295
47.71718521356092
47.72708063893704
47.73691817420383
47.746698475214444
47.75642221182261
47.76609000137861
47.77570245604038
47.78526019828226
47.79476379548234
47.80421382727889
47.81361090150395
47.8229555673738
47.83224836755793
47.84148986438051
47.85068058082553
47.859821026562244
47.86891171348851
47.87795313317753
47.88694578026705
47.89589014236937
47.9047866672602
47.9136358166514
47.922438059870274
47.93119382873722
47.93990356580056
47.94856771008302
47.95718668352756
47.96576091223586
47.97429079469563
47.98277674770019
47.99121921070842
47.999618570957935
48.00797520963877
48.016289516331796
48.02456185531456
48.03279259523629
48.04098210072524
48.04913070446225
48.05723875295674
48.065306624315106
48.073334656730374
48.08132317698784
48.08927253191245
48.09718303193158
48.105054996792695
48.11288874444499
48.12068455614626
48.12844274470786
48.13616362269222
48.14384747562803
48.15149459596679
48.159105270122794
48.166679784730775
48.17421843057176
48.18172148209298
48.18918921326465
48.19662191686868
48.204019863780275
48.21138331191177
48.218712536341435
48.226007785059174
48.23326928433643
48.24049728739075
48.24769205213022
48.25485380636289
48.26198277590246
48.26907920874696
48.27614333639896
48.283175375396695
48.29017555553184
48.29714410140806
48.30408123166661
48.31098716121057
48.31786210826349
48.3247062970026
48.33151992875042
48.338303209292214
48.34505636650139
48.35177961110799
48.35847313119875
48.36513712325147
48.37177180386738
48.37837736253963
48.38495396938456
48.39150182170572
48.398021107804716
48.404511997359755
48.41097467018369
48.41740931026582
48.42381610128202
48.430195226133954
48.4365468574683
48.442871161985536
48.44916831478567
48.45543848991186
48.46168185134043
48.46789857411443
48.474088839268006
48.48025280948888
48.48639064031926
48.49250249526019
48.498588534632596
48.50464890451324
48.51068374976123
48.516693217852115
48.5226774386037
48.52863653545539
48.534570652143216
48.54047994815648
48.54636457364862
48.55222466440181
48.558060372779586
48.56387185719727
48.56965925165332
48.57542269555155
48.581162327536966
48.58687826813083
48.59257065686206
48.59823961734316
48.603885256824945
48.60950773226048
48.61510717897042
48.6206836822096
48.62623737612364
48.63176841022179
48.63727689125733
48.642762932805546
48.64822665835566
48.65366818675989
48.65908765222602
48.66448518196728
48.66986088785689
48.67521489573248
48.68054733026286
48.685858281107556
48.691147840263675
48.69641613519937
48.70166326909157
48.706889330890235
48.712094424933866
48.717278638445414
48.72244209261083
48.72758492051634
48.732707207731856
48.73780907601405
48.742890663915865
48.747952041864124
48.752993290817386
48.75801452183083
48.76301582500177
48.76799730112821
48.77295904597005
48.77790114116285
48.78282371034885
48.78772686224292
48.792610643932974
48.797475138164565
48.80232046741326
48.807146719788385
48.811953967704426
48.81674229790851
48.82151180640917
48.82626258440295
48.830994709359885
48.83570827057583
48.840403371415285
48.845080096271865
48.849738520919324
48.854378733882015
48.85900082057874
48.863604852603146
48.86819090304781
48.872759063378
48.87730942672142
48.8818420710596
48.88635707459685
48.89085451171008
48.895334465809455
48.89979701887153
48.90424221910971
48.90867014161479
48.913080883189835
48.91747450684526
48.92185108528084
48.92621070320886
48.93055342668525
48.93487932380852
48.93918845673978
48.94348087843653
48.9477566544429
48.95201585935763
48.95625856492855
48.9604848580167
48.96469482677287
48.96888854106359
48.973066090707675
48.97722755070282
48.981372959983595
48.98550238061052
48.98961588045662
48.99371351215178
48.99779533452949
49.00186141630915
49.005911827678
49.00994662024073
49.013965847368475
49.017969597852506
49.02195794766811
49.025930940660935
49.02988863018834
49.033831066889746
49.03775830835425
49.04167042103582
49.04556744669657
49.04944946353688
49.05331655981602
49.05716877906855
49.06100618347767
49.06482882247854
49.06863673617788
49.07242998717825
49.07620860200556
49.0799726307777
49.08372216475922
49.08745726251943
49.09117796970472
49.094884338197886
49.09857642593019
49.102254273040145
49.10591791523855
49.109567414680974
49.11320283307689
49.116824227117725
49.120431654631055
49.12402518086119
49.12760485331563
49.13117070884434
49.134722830445305
49.13826127612085
49.14178606033059
49.145297229062486
49.14879484400517
49.152278952168174
49.155749574076545
49.159206742981944
49.16265051508984
49.16608092449879
49.16949801847099
49.17290186003424
49.17629249821763
49.17966999080102
49.183034394193974
49.18638574748918
49.18972409423274
49.193049501365785
49.19636202284713
49.19966168228808
49.20294852028371
49.20622258782762
49.209483920960416
49.212732555743244
49.21596852930965
49.21919188740453
49.22240268338302
49.22560095140293
49.228786711560055
49.23196000073109
49.23512086539386
49.23826935104563
49.24140550565274
49.244529360779396
49.24764095834034
49.25074036730193
49.25382762118032
49.25690273916505
49.25996576304412
49.263016706629735
49.26605559759665
49.26908249596012
49.27209741739036
49.27510038068536
49.27809145138071
49.2810706770328
49.28403807977879
49.28699368983041
49.28993755919952
49.29286972629259
49.295790200724916
49.298699029616564
49.30159626292175
49.30448192187734
49.30735608140551
49.310218796156725
49.31307005355126
49.31590989686976
49.31873835827038
49.32155543109034
49.32436118003759
49.327155635917656
49.329938787435545
49.33271070262326
49.335471422496305
49.33822097141978
49.34095941418078
49.343686760296315
49.346403042203875
49.3491083304106
49.351802628006986
49.354485952352775
49.357158341679174
49.359819807172144
49.36247038040116
49.36511008037247
49.36773892896738
49.37035697111934
49.37296419288241
49.375560589693784
49.378146230820775
49.38072115075815
49.38328537577556
49.385838976394176
49.3883819945664
49.39091445261847
49.39343637281484
49.39594776985789
49.39844867212805
49.40093908694159
49.40341903720929
49.40588859047184
49.4083477669021
49.41079658683114
49.41323509915517
49.41566331270397
49.418081261031084
49.42048899051061
49.42288651077736
49.42527384561099
49.427651010329086
49.430018021243114
49.43237491413819
49.43472167936351
49.43705832105981
49.43938489908392
49.44170144143539
49.44400795428005
49.446304459661114
49.448590989809404
49.45086759325203
49.45313430233637
49.455391135638635
49.457638130221106
49.4598753062026
49.46210266124564
49.46432020650248
49.466527963326094
49.46872595302253
49.47091418891554
49.47309268954722
49.47526149928209
49.47742065966803
49.47957019911122
49.481710145916985
49.48384051817321
49.48596133637708
49.4880726411368
49.490174456930674
49.492266775492276
49.494349610098055
49.496422984895474
49.498486908126516
49.50054140723232
49.50258649455608
49.50462216725719
49.50664847453128
49.50866546980233
49.51067316643381
49.512671577667305
49.5146607292779
49.516640645969446
49.51861135401598
49.52057288424825
49.52252525459059
49.52446847771189
49.52640257305413
49.52832755928297
49.530243450173614
49.532150245124
49.53404795611215
49.535936607138936
49.53781620389192
49.539686768491414
49.54154833026251
49.543400906361676
49.545244521692005
49.54707918530662
49.548904926991916
49.55072179530578
49.552529781887955
49.55432889207268
49.55611915289153
49.55790055796486
49.55967313713506
49.561436924641406
49.563191921022245
49.564938149597516
49.566675622989386
49.56840434876792
49.57012436064851
49.57183567149062
49.57353829587504
49.57523227619179
49.57691762932456
49.578594353950926
49.58026247192575
49.581921990387706
49.583572894468816
49.58521520705706
49.58684895423452
49.588474144500715
49.590090820791936
49.59169900559081
49.59329869079384
49.59488990491397
49.59647266452208
49.598046965959625
49.59961283212708
49.60117028046438
49.602719328417706
49.60426000172731
49.605792285079126
49.60731616944249
49.608831686108296
49.610338829249706
49.61183759313227
49.61332801295534
49.614810097484884
49.616283873747854
49.61774938347995
49.619206614123065
49.620655582561064
49.622096313249365
49.62352879703581
49.62495307909344
49.62636918099639
49.627777081010976
49.629176815880015
49.63056840343494
49.6319518414024
49.63332715664529
49.634694340395654
49.63605338634774
49.63740430686074
49.63874709104478
49.64008176072643
49.641408333771764
49.64272679216456
49.64403716620972
49.6453394808978
49.646633732097904
49.64791996470933
49.64919818685867
49.65046837450922
49.651730565891306
49.65298476743953
49.654230963138026
49.65546917783068
49.65669941088266
49.65792165896313
49.65913594942701
49.660342284936775
49.66154065594893
49.66273108720931
49.66391360585617
49.66508822212493
49.66625494661272
49.66741377691593
49.668564714154655
49.669707780865835
49.67084298033847
49.671970309932604
49.67308979770969
49.674201469090285
49.67530532701985
49.67640137882813
49.677489632128086
49.67857009139378
49.67964276228507
49.68070762496764
49.68176467411222
49.68281393148832
49.68385537562161
49.68488898351137
49.68591478288491
49.68693279944477
49.68794303645692
49.68894550454463
49.68994022943449
49.6909272202641
49.691906491123326
49.692878073432624
49.69384196201006
49.69479815244886
49.69574666891356
49.69668751086731
49.69762067720447
49.69854618723577
49.69946403305004
49.700374203361854
49.70127671609258
49.70217156967062
49.70305875946913
49.70393830017649
49.70481018241091
49.70567442427788
49.706531047380665
49.707380021615485
49.70822135629158
49.70905507404744
49.70988116186998
49.71069962884193
49.71151049485447
49.712313781089726
49.71310949829516
49.713897641426186
49.71467821800859
49.71545122431028
49.71621665016048
49.71697449293213
49.71772473036995
49.71846736275178
49.719202418758165
49.71992989057519
49.720649774994435
49.72136210275657
49.72206689391283
49.72276415584351
49.72345389989639
49.724136141617414
49.724810884298094
49.725478124190204
49.72613787649057
49.7267901403878
49.72743490944327
49.728072191306936
49.72870196915775
49.729324228781046
49.72993897981691
49.73054622277454
49.731145954620175
49.73173818315589
49.73232289667357
49.73290009157723
49.73346977600018
49.734031932882026
49.73458657007869
49.73513371406692
49.73567336018305
49.73620550448851
49.73673015889572
49.73724733740547
49.73775705244061
49.738259314137956
49.738754134047724
49.73924150371806
49.7397214233085
49.74019391880091
49.740658978441154
49.74111658548452
49.741566757630146
49.74200947348753
49.742444703489916
49.7428724684775
49.74329276065611
49.74370555983971
49.74411088350737
49.74450873292054
49.74489911551798
49.74528203521415
49.745657468198004
49.7460254211946
49.74638589070393
49.74673885108954
49.747084318676976
49.747422315914996
49.74775284061693
49.74807589184445
49.74839148013261
49.748699609131755
49.74900025504598
49.74929340816277
49.74957907652355
49.74985725099987
49.7501279331252
49.75039112982452
49.75064683646975
49.750895030732664
49.751135676174734
49.75136879652255
49.75159441713943
49.75181249867807
49.7520230526782
49.75222609026967
49.75242155471337
49.75260945572262
49.75278981607077
49.75296259363327
49.753127791516576
49.753285405191576
49.75343538991548
49.75357776064
49.753712522900656
49.753839654654975
49.75395916899756
49.7540710618342
49.754175325315074
49.75427196107581
49.7543609490682
49.75444228332019
49.754515941901744
49.75458189121377
49.75464014258273
49.75469067960404
49.754733468948416
49.75476851344557
49.754795783738544
49.754815250950806
49.75482692251245
49.75483078015738
49.75482680457073
49.75481499668048
49.75479534329771
49.754767827708655
49.75473242576815
49.754689121385724
49.75463790622373
49.75457874500099
49.75451161787137
49.75443651266147
49.754353398351064
49.75426225418046
49.754163058162845
49.75405579083831
49.75394043413101
49.75381696809124
49.753685396725444
49.753545696820844
49.753397814983444
49.753241728533304
49.75307740639969
49.75290481426863
49.752723931725896
49.752534737063804
49.75233724049188
49.75213142208561
49.75191723224806
49.75169467452327
49.75146371477598
49.75122429275641
49.750976392861126
49.75071995454668
49.750454924556855
49.75018129879033
49.749899001783156
49.74960797030457
49.749308220002916
49.7489997146085
49.74868238375138
49.74835619019558
49.74802110341271
49.74767709890378
49.74732415145969
49.74696221459369
49.74659123820118
49.74621119309705
49.74582204415958
49.74542372081752
49.74501618062232
49.744599398610035
49.744173299356376
49.743737834951745
49.74329296881672
49.742838610879836
49.742374717819196
49.741901258329804
49.74141815555844
49.7409253627053
49.740422808372486
49.73991040563277
49.739388104516834
49.73885580048398
49.73831339529974
49.73776083880818
49.73719803582645
49.73662491144086
49.736041401845334
49.73544740723281
49.73484286832482
49.73422769241432
49.733601744637525
49.73296494393136
49.732317177726856
49.73165833305587
49.730988330652785
49.73030701784257
49.72961427995811
49.72891002441882
49.72819405986001
49.72746624729293
49.72672646315679
49.7259745075295
49.72521023504181
49.724433465411316
49.723643943750595
49.722841467997505
49.722025806051036
49.72119670015836
49.720353898750574
49.71949707068448
49.718625869199
49.71773986904525
49.7168384359384
49.71592063755707
49.71498436682007
49.71403177061543
49.713063881422315
49.712081334617224
49.71108460191771
49.7100741064548
49.70905016491404
49.708013077327166
49.706963114038814
49.7059005088138
49.7048255147771
49.70373830041095
49.702639062816786
49.70152800233632
49.70040519897381
49.69927083145986
49.69812504803896
49.69696790952155
49.69579959114424
49.694620169781764
49.693429699220935
49.692228343471896
49.691016129970315
49.68979310818082
49.68855939662301
49.6873149927295
49.686059944769944
49.6847943177718
49.68351810575169
49.68223132377578
49.680933955513915
49.67962601478043
49.67830745335312
49.67697819632692
49.67563827463528
49.67428753144869
49.67292592650911
49.67155347834227
49.67016990517573
49.66877522276016
49.66736933786048
49.66595192603656
49.66452303246835
49.66308239405136
49.661629754301714
49.66016504661881
49.65868787829577
49.657198099595085
49.65569539196076
49.6541794116659
49.65264996774032
49.65110651326425
49.64954889489674
49.64797665067468
49.64638937172882
49.64478687593765
49.64316841278205
49.64153372479005
49.639882049182056
49.638212925041856
49.636525847793926
49.63481997208256
49.63309499420826
49.63134973951102
49.629583880590125
49.627796343609596
49.62598655207975
49.62415370922309
49.62229675527166
49.62041502522614
49.61850728338809
49.616572784475075
49.61461021246358
49.6126189472028
49.61059748928065
49.60854512175026
49.60646024208782
49.60434205478353
49.60218904279038
49.599999993724175
49.59777379759036
49.59550838192269
49.5932029859627
49.59085554532403
49.588464638715664
49.58602916905502
49.58354599493068
49.58101314922237
49.578428445426944
49.5757889311634
49.57309047091863
49.57032845608724
49.567499228857535
49.56459808862636
49.56161980783425
49.55855787508898
49.55540531238991
49.55215441894942
49.54879720601648
49.54532489663526
49.541727790150524
49.53799521109287
49.53411672837201
49.5300813572084
49.52587828507669
49.52149661000036
49.51692366645653
49.51214773053085
49.50715699370037
49.5019388887442
49.49648067050123
49.490768103485074
49.48478885115508
49.47853090742887
49.471978621533644
49.46511729181494
49.457931069119184
49.45040477285001
49.442524484961076
49.434274831504304
49.425637631820116
49.41659904131514
49.40714174454589
49.39724654787423
49.386900149379485
49.376089548114486
49.36479651745913
49.35301177339122
49.34072859853538
49.32793624790574
49.31462731545573
49.30080583327879
49.28647552441266
49.271647490151544
49.25634026256715
49.24058246157268
49.22441087215299
49.2078777893318
49.19104505679329
49.174001511104514
49.15684475190133
49.13971503516013
49.122761536183596
49.10618156756204
49.09021170221858
49.07513895922397
49.06131549539304
49.04916611893046
49.03922666503437
49.032151658403656
49.02879889502327
49.03032460637135
49.03863789067908
49.05577282685206
49.082352539547486
49.12015770212782
49.16484086960972
49.209453999693295
49.252393837257976
49.293337129289526
49.33214842070447
49.36873270587086
49.40300588322683
49.434887625625436
49.4643001086905
49.491168243088914
49.51542063976395
49.5369904428508
49.555816368382
49.57184350385382
49.58502407176138
49.59531808211673
49.60269363128325
49.60712799421528
49.60860894967174
