0.5132282839301046
0.5132287588881589
0.5132303218187918
0.5132321954394068
0.5132340065804185
0.5132356013811615
0.5132370425524287
0.5132383527025024
0.5132395602763526
0.5132407114936873
0.5132418210823775
0.5132429286054747
0.5132440443366115
0.5132452264331419
0.5132465168995257
0.5132479802710571
0.513249606310497
0.513251402998745
0.5132533674448592
0.5132555049313989
0.5132578088222746
0.5132602655861508
0.5132629108715331
0.5132657279634492
0.5132687291191784
0.51327187405902
0.5132751260109174
0.5132784660881371
0.5132819070567158
0.5132854637015132
0.5132891096888249
0.5132928178596686
0.5132965668151059
0.5133003853022853
0.5133042634639227
0.5133082063056468
0.5133122043325288
0.5133162462327102
0.5133203189415094
0.513324377539162
0.513328426359119
0.5133324615905415
0.5133365061209273
0.5133405504548029
0.5133445830208226
0.5133485870453071
0.5133525492063956
0.5133564572790312
0.5133602952065479
0.5133640709818262
0.5133677999295453
0.5133714709652389
0.5133750926626783
0.5133786610404878
0.5133821748967415
0.5133856305677008
0.5133890153951725
0.5133923225891338
0.5133955369943244
0.5133986613679451
0.5134017152482122
0.5134047001176513
0.5134076079939152
0.5134104355997217
0.5134131873400773
0.5134158474079016
0.5134184155187969
0.5134208893404796
0.5134232656468039
0.5134255592382662
0.5134277755319717
0.5134299121241782
0.5134319787373184
0.5134339841049043
0.5134359298803138
0.5134378100748302
0.5134396243109045
0.5134413735225548
0.5134430578596099
0.5134446847071015
0.5134462636538584
0.5134477875183524
0.5134492537314587
0.5134506779224641
0.5134520730695991
0.513453447966698
0.5134548035361922
0.5134561512348744
0.513457501715349
0.5134588686398767
0.5134602697131414
0.5134617193008417
0.513463237801667
0.5134648346843054
0.5134665440554409
0.5134683905902551
0.5134703846615052
0.5134725533213913
0.5134749112059965
0.5134774851141789
0.5134803001349385
0.5134833961563439
0.5134868175832717
0.5134906068321862
0.5134947946405726
0.5134994113736443
0.5135044967553879
0.5135100817961579
0.5135161891504283
0.5135228494442695
0.5135301090890644
0.5135380117205611
0.513546589280426
0.5135558727568318
0.5135658765802281
0.513576622526039
0.5135881181058229
0.5136003746400476
0.513613400405757
0.5136271786683452
0.5136416851355862
0.5136568769266934
0.5136727252048455
0.513689177227493
0.5137061716807132
0.513723640615794
0.5137414986442727
0.5137596625411084
0.5137780531687682
0.5137965912240521
0.5138151973564163
0.513833778538011
0.5138522422388023
0.5138705075999508
0.5138884950196304
0.5139061166300786
0.5139232923214627
0.5139399601009301
0.5139560579185718
0.513971527915573
0.5139863085853749
0.514000339843995
0.5140135846891851
0.5140260006562113
0.5140375603952837
0.5140482391301285
0.5140580170595894
0.5140668734788274
0.51407479186819
0.5140817700092905
0.5140878149034096
0.5140929428828149
0.5140971780455081
0.514100559110096
0.5141031378889774
0.514104977878161
0.5141061512088912
0.5141067406704308
0.5141068536762848
0.5141066070755367
0.5141061273544444
0.5141055341884497
0.5141049414592818
0.5141044668585948
0.5141041988886884
0.5141042203646148
0.5141045842883125
0.5141053244193898
0.514106469230888
0.5141080253955969
0.5141099914443455
0.5141123447213767
0.5141150570492132
0.51411810340822
0.5141214398588436
0.5141250402219336
0.5141288782511786
0.5141329413338911
0.5141372006455371
0.5141416282460447
0.5141461991751738
0.5141508906706198
0.5141556905675446
0.5141605823570197
0.5141655551833461
0.5141706091636097
0.514175739812497
0.5141809443758354
0.5141862089030662
0.5141915265558712
0.5141968839769679
0.5142022799468543
0.5142077118604059
0.5142131772266805
0.5142186753064266
0.5142242078170949
0.5142297753911761
0.5142353745545296
0.5142410026937111
0.5142466612705254
0.5142523506976062
0.514258072960124
0.5142638311400543
0.5142696230736441
0.5142754538406262
0.5142813328116452
0.5142872632533045
0.514293245174334
0.5142992731346028
0.5143053471102501
0.5143114599603591
0.5143176134336879
0.5143238130376081
0.5143300565810213
0.5143363483958199
0.5143426827321602
0.5143490610629515
0.5143554873734221
0.5143619574742172
0.5143684697498881
0.51437502091166
0.5143816113688559
0.5143882399682301
0.5143949146887024
0.514401635276223
0.5144084077735666
0.5144152328770208
0.5144221069391568
0.5144290309968885
0.514436004204023
0.5144430310091769
0.5144501154115594
0.5144572615533994
0.5144644648026702
0.514471726649777
0.5144790396363195
0.5144863986816005
0.5144938042230913
0.5145012594574314
0.5145087744816195
0.5145163471331002
0.5145239743710674
0.5145316489413991
0.514539368321843
0.5145471332148475
0.5145549441082615
0.5145628087702504
0.514570722987863
0.5145786841182738
0.5145866935927135
0.5145947521752854
0.5146028558112069
0.5146109991494604
0.5146191804729991
0.5146274004172805
0.5146356626979224
0.5146439636696011
0.5146523001824453
0.5146606678248473
0.514669058355818
0.5146774663146628
0.5146858837840246
0.5146943052208887
0.5147027205621124
0.5147111244529579
0.5147195074353946
0.5147278588479555
0.514736172282053
0.5147444392923347
0.5147526513063749
0.514760796135187
0.5147688580621952
0.5147768176530761
0.5147846564431849
0.5147923572919157
0.5147999018114758
0.5148072737469098
0.5148144555416447
0.5148214288394783
0.5148281747440003
0.5148346756151864
0.5148409152439457
0.5148468788147375
0.5148525517277056
0.5148579202244624
0.5148629721957915
0.5148676990679923
0.5148720907603769
0.5148761372901312
0.5148798320642844
0.5148831709544692
0.5148861489400923
0.5148887632820468
0.5148910142340904
0.5148929047415355
0.514894438413448
0.5148956153128686
0.5148964374632049
0.5148969073976439
0.5148970278971012
0.5148967999988943
0.5148962237326894
0.5148952970737352
0.5148940172986699
0.5148923838766319
0.5148903944206021
0.5148880429640746
0.514885319649771
0.5148822124655726
0.514878705802445
0.5148747823684507
0.5148704223071596
0.5148656006847454
0.5148602888933022
0.51485445346131
0.5148480562164808
0.5148410526916083
0.5148333905007828
0.5148250115657379
0.5148158527583981
0.5148058425348191
0.5147949030857721
0.5147829518659117
0.5147699059720127
0.5147556895113973
0.5147402397501457
0.5147235184455409
0.5147055271445419
0.51468633371975
0.5146661046119284
0.5146451315415173
0.5146238529834629
0.5146028601980422
0.5145828754402098
0.5145646860526818
0.5145490368601544
0.5145365095419009
0.5145274271535902
0.5145217946257145
0.5145193023005775
0.5145193823261385
0.5145213005716575
0.5145242559825309
0.5145274668469085
0.5145302415420819
0.5145320107036291
0.5145323309150138
0.5145308747521659
0.514527412194595
0.5145217844895501
0.514513874083099
0.5145035807043995
0.5144908004640179
0.5144754105115346
0.514457249665019
0.514436102605001
0.5144116805617407
0.5143836090401516
0.514351404555978
0.5143144507690407
0.5142719613744368
0.5142229463483274
0.5141661481213273
0.514099994151953
0.5140225546169601
0.51393153871592
0.5138244186636026
0.5136988770951535
0.5135538039377223
0.5133909646050735
0.5132169633712902
0.5130438649786363
0.5128866103495061
0.51275782031029
0.5126636681844838
0.5126033078717577
0.5125711716118688
0.5125599505508994
0.5125627805646892
0.5125742315613778
0.5125903686027847
0.5126085637581599
0.512627147669344
0.5126452004464921
0.5126623079109339
0.5126783184345917
0.5126932904517358
0.5127074364577405
0.5127209665996472
0.5127339890030558
0.5127465512157351
0.5127586438315981
0.5127701616769006
0.5127808328648525
0.5127902275998406
0.5127977348824883
0.5128024378947141
0.5128030315284918
0.5127977039785919
0.5127841387362035
0.5127595850812596
0.5127212779967167
0.5126672442655121
0.512597457439909
0.5125146141312789
0.5124238838535382
0.5123314468239764
0.5122427375477125
0.5121613530095739
0.5120889699330152
0.5120257667829904
0.5119710582384022
0.511923804972187
0.5118829078579761
0.5118473737838034
0.5118163497296296
0.5117891405712076
0.5117651903667773
0.511744030432028
0.5117252990129917
0.5117086972120449
0.5116939715415327
0.5116809240486175
0.5116693601804742
0.511659130714615
0.5116501076176789
0.5116421597027604
0.5116352017602245
0.5116291476070087
0.5116239214084105
0.511619455786598
0.5116156766219908
0.5116125339882026
0.5116099847486149
0.511607985091499
0.5116064848130636
0.5116054391892316
0.5116048020069311
0.5116045213586764
0.5116045572748144
0.5116048565200033
0.511605382009095
0.5116060998086918
0.5116069736098369
0.5116079987692388
0.5116091490897056
0.5116104132290455
0.5116117948603137
0.5116132648162657
0.5116148189179079
0.5116164458538547
0.5116181211861407
0.5116198358120793
0.511621570082284
0.5116233111553158
0.5116250445006542
0.5116267560012876
0.5116284404594097
0.5116300956494915
0.511631727591349
0.5116333339555851
0.5116349170273616
0.5116364737794348
0.5116380033332939
0.5116395054283174
0.5116409628659859
0.5116423712756096
0.5116437271251741
0.5116450184142858
0.511646240253342
0.511647397456824
0.5116484914138573
0.5116495143497898
0.5116504767136819
0.5116513855599062
0.5116522424682003
0.5116530577600357
0.5116538280934899
0.5116545521170357
0.5116552331307358
0.5116558695140414
0.5116564581125222
0.511656995553014
0.5116574805721456
0.5116579072214004
0.5116582743626173
0.511658581968878
0.5116588305496131
0.5116590296559174
0.5116591865920724
0.5116593140035155
0.5116594178949565
0.5116594953993135
0.5116595473948741
0.5116595625418862
0.5116595363330055
0.5116594620833508
0.5116593290632941
0.5116591387037828
0.5116588845307607
0.5116585728387413
0.5116582076467865
0.511657786235896
0.5116573149005362
0.5116567954742424
0.5116562341664471
0.5116556306327779
0.511654984064793
0.5116542998911047
0.5116535783494872
0.5116528256476608
0.511652042474327
0.5116512277999912
0.511650376003462
0.5116494822341863
0.5116485392534568
0.5116475406110015
0.5116464962274326
0.511645402369038
0.5116442664879881
0.5116430980308845
0.5116418935855827
0.5116406678625092
0.511639416895197
0.5116381476031225
0.511636866268501
0.5116355597646316
0.5116342386581948
0.5116328844572513
0.511631487000239
0.5116300464553
0.5116285477231081
0.5116270044679314
0.5116254124461386
0.5116237741970295
0.5116221065865855
0.5116204070611889
0.5116186831315449
0.5116169326774276
0.511615160677911
0.5116133692963734
0.5116115539004316
0.5116097219734328
0.5116078709686994
0.5116060044211733
0.5116041234165248
0.5116022228994268
0.5116003006975675
0.5115983505736776
0.5115963732309936
0.5115943573196887
0.5115923016860271
0.5115902112105778
0.5115880750748781
0.5115859048334829
0.5115837035742403
0.5115814695231753
0.5115792148440272
0.5115769348000894
0.5115746332922013
0.5115723129391798
0.511569965540465
0.5115675944848055
0.511565201510577
0.5115627905886871
0.5115603534816043
0.5115578894296168
0.5115554011421052
0.5115528758705179
0.5115503212113361
0.5115477354311105
0.5115451183839328
0.5115424771583139
0.5115398094409948
0.5115371285637389
0.5115344281283692
0.5115317138777848
0.511528997451254
0.5115262661736425
0.5115235344083806
0.5115208000432893
0.511518059169501
0.5115153218382615
0.511512578422135
0.5115098356292161
0.5115070835620986
0.5115043083911337
0.5115015099816859
0.5114986727900293
0.5114957982090008
0.5114928851759961
0.5114899371962907
0.5114869642811856
0.5114839645877104
0.5114809470319511
0.511477905721932
0.5114748364815906
0.5114717454186326
0.5114686253559467
0.5114654886423743
0.5114623397803552
0.5114591734460102
0.5114559962187056
0.5114528012712807
0.5114495857863286
0.5114463520364197
0.5114430934231858
0.511439820833247
0.511436542674784
0.5114332585316407
0.5114299684469441
0.5114266655978835
0.511423346733052
0.5114200066479612
0.5114166432364482
0.5114132567400307
0.5114098408664277
0.5114063982820468
0.5114029308159106
0.5113994386152599
0.5113959274377348
0.5113923972060093
0.5113888518554827
0.5113852898671605
0.5113817045488867
0.5113781009571716
0.5113744733619392
0.5113708291666428
0.5113671779203414
0.5113635108411323
0.5113598425617163
0.511356173267679
0.5113524954619687
0.5113488152245641
0.5113451220745242
0.5113414201788892
0.5113377038361231
0.51133396926975
0.5113302244467594
0.511326453790246
0.5113226584509334
0.5113188372798125
0.5113149862201725
0.5113111051377919
0.5113071909613723
0.5113032587413601
0.5112993014283067
0.5112953203149543
0.5112913307755589
0.511287329121616
0.5112833218221645
0.5112793084972758
0.5112752900536891
0.5112712651270246
0.5112672236295496
0.5112631694411253
0.511259093348604
0.5112549947143021
0.511250879049741
0.5112467455936268
0.5112426027981327
0.5112384508511718
0.5112342965747516
0.5112301419569032
0.5112259808194586
0.5112218147848554
0.5112176296892847
0.511213419928677
0.5112091844874607
0.5112049212275059
0.511200639274994
0.5111963382349918
0.5111920260118747
0.5111877084547783
0.5111833827658033
0.5111790509458833
0.5111747063305541
0.5111703421056514
0.5111659530538354
0.511161537674164
0.5111570943077653
0.5111526267775333
0.5111481480257122
0.511143653900245
0.5111391498963155
0.5111346473310898
0.5111301360150231
0.511125615785967
0.5111210850639362
0.5111165400973351
0.5111119832319284
0.5111074103293188
0.511102822829631
0.5110982249624849
0.5110936169167317
0.5110889977500177
0.511084369969059
0.511079726585925
0.5110750565070308
0.5110703586110543
0.5110656284808717
0.5110608651703341
0.5110560729827248
0.511051251861598
0.5110464086310892
0.5110415532984768
0.5110366913647294
0.511031830874612
0.5110269707226538
0.5110221021347443
0.5110172262071738
0.5110123407116773
0.5110074384296527
0.5110025235482026
0.51099760058122
0.5109926692558134
0.5109877301236826
0.5109827846578731
0.5109778337552174
0.5109728753505929
0.5109679115234863
0.5109629392219561
0.5109579520300404
0.5109529555026101
0.5109479495875999
0.5109429236275635
0.5109378723933776
0.5109328014484129
0.5109277126200641
0.5109226049777154
0.5109174905798238
0.5109123662996147
0.5109072356655631
0.510902110620178
0.5108969789674922
0.5108918396848189
0.5108866897135942
0.5108815273206947
0.5108763552701681
0.5108711608728282
0.5108659486432472
0.5108607200992387
0.5108554778700942
0.5108502347683933
0.5108449841629285
0.5108397255280731
0.5108344533910621
0.5108291709966019
0.5108238898244625
0.5108186017512659
0.5108133149163372
0.5108080349639413
0.5108027586232693
0.5107974898597153
0.5107922236190416
0.510786955320693
0.5107816769765076
0.510776392412352
0.5107710984877836
0.5107657851821682
0.5107604630073271
0.5107551319335734
0.5107497937211001
0.5107444526642305
0.5107391051643879
0.5107337551904106
0.5107284110169287
0.5107230802031937
0.5107177557474947
0.5107124386084995
0.5107071278407488
0.5107018095938972
0.5106964911129165
0.5106911670218864
0.5106858254024672
0.5106804741638777
0.5106751176645639
0.5106697552701106
0.5106643860532619
0.510659019717653
0.510653657395805
0.5106482930455375
0.5106429295929312
0.5106375640991342
0.5106321892106934
0.5106268028055695
0.5106214148442328
0.5106160279490852
0.5106106421578609
0.5106052703374506
0.5105999168568585
0.5105945802467184
0.5105892602896261
0.5105839582829625
0.5105786688974808
0.5105733832135955
0.5105680987140641
0.5105628139749143
0.5105575392978885
0.5105522749480362
0.510547024748573
0.5105417966785012
0.5105365772002024
0.510531376001562
0.5105261976829303
0.5105210343504958
0.5105158948834929
0.5105107803151375
0.5105056911245913
0.5105006250922002
0.5104955791344272
0.5104905460164577
0.5104855185272092
0.510480503546698
0.5104754918042195
0.5104704840892067
0.5104654886788828
0.5104605025103934
0.5104555375612712
0.5104505917321674
0.5104456721713141
0.5104407766582153
0.5104358908083868
0.5104310271401815
0.5104261768189656
0.5104213341105686
0.5104165118878278
0.5104117159355108
0.5104069448810735
0.5104021976519005
0.510397484605905
0.5103927906858113
0.5103881132418708
0.5103834628402264
0.5103788210228671
0.5103741935503378
0.510369582136785
0.510364979741472
0.5103603964859077
0.5103558204967301
0.5103512633368367
0.5103467319927549
0.5103422206104569
0.5103377392305398
0.5103332735534462
0.5103288272195611
0.5103244080895488
0.5103200018283105
0.5103156239538156
0.5103112796785066
0.5103069564294226
0.5103026556276136
0.5102983803149417
0.510294126493583
0.5102898941188112
0.5102856864532377
0.5102814900455702
0.510277303056382
0.51027313175335
0.5102689739956089
0.5102648344721922
0.510260713132243
0.5102566160459169
0.5102525406358794
0.5102484807491398
0.5102444426208718
0.5102404187942378
0.5102364059386421
0.5102324155717465
0.5102284496807958
0.510224503038844
0.5102205799515689
0.5102166784050083
0.5102127900353265
0.5102089225724443
0.5102050719837642
0.5102012312079707
0.5101974026849229
0.5101935749213723
0.5101897611328269
0.5101859674412267
0.5101821901702689
0.5101784460437949
0.5101747240530692
0.510171020805393
0.5101673456400749
0.5101636852248612
0.51016003432334
0.5101563999352167
0.510152780390134
0.5101491681430107
0.5101455648024534
0.5101419701182387
0.5101383792439054
0.5101347935308761
0.5101312161335908
0.5101276565587808
0.5101241138187134
0.5101205808848582
0.5101170628996263
0.5101135575867753
0.5101100701157772
0.5101066060769569
0.5101031613374273
0.5100997392213017
0.5100963323554469
0.5100929387877682
0.5100895634150725
0.5100861849506557
0.5100828089378581
0.5100794489314453
0.5100760910960366
0.5100727501352305
0.5100694273474603
0.5100661063118634
0.510062797824575
0.5100594963446297
0.5100561991591596
0.5100529102349352
0.5100496229238234
0.5100463443258547
0.5100430806677172
0.5100398299448459
0.5100365903771553
0.5100333618396822
0.5100301465216774
0.5100269470554637
0.5100237667185309
0.5100206047280837
0.510017462520399
0.5100143341706334
0.5100112160730559
0.5100081019056318
0.5100049803555182
0.5100018556333286
0.5099987284573444
0.5099956010436967
0.509992483726359
0.509989380418312
0.5099862991972287
0.5099832402930397
0.509980193811925
0.5099771587000164
0.5099741365102881
0.5099711241230693
0.5099681176352456
0.50996511700793
0.5099621194791871
0.5099591280735473
0.5099561542860694
0.5099531992819089
0.5099502586828604
0.5099473355708529
0.5099444295895613
0.5099415331900787
0.5099386377612828
0.5099357439576354
0.5099328504690729
0.5099299613088579
0.5099270895118378
0.5099242304435795
0.5099213905362578
0.50991857043975
0.5099157534360316
0.5099129534177377
0.5099101618415874
0.5099073647476567
0.5099045736626201
0.5099017788075418
0.5098989861519495
0.5098962065581489
0.5098934343578714
0.5098906736198177
0.5098879276247074
0.5098852080653806
0.5098825158643359
0.509879855058276
0.5098772270441337
0.5098746177375605
0.5098720343393369
0.5098694608871899
0.5098668884035903
0.5098643326050321
0.5098617799639217
0.5098592381552216
0.509856717726461
0.509854208061825
0.5098517169733173
0.5098492469867656
0.5098467979958452
0.5098443743221058
0.5098419701454403
0.509839579072899
0.5098372018098162
0.5098348384524751
0.5098324888565086
0.5098301578437718
0.5098278415920687
0.5098255414861713
0.5098232627055825
0.5098209962786571
0.509818742732153
0.5098165046893018
0.5098142842971535
0.5098120903076706
0.5098099193994914
0.5098077703995774
0.5098056441084726
0.5098035359676885
0.5098014479492405
0.5097993788504538
0.5097973261393102
0.5097952868126009
0.5097932623437988
0.5097912634710118
0.5097892867878727
0.509787335728111
0.5097854175478324
0.5097835203476581
0.5097816461235827
0.5097797990526219
0.5097779687052155
0.5097761556498781
0.5097743605277861
0.5097725837791379
0.5097708260260901
0.5097690863847382
0.5097673727502273
0.5097656875149364
0.5097640251912098
0.5097623808090918
0.5097607524219419
0.5097591329672828
0.5097575202819583
0.5097559153942726
0.5097543173153529
0.5097527297204244
0.5097511558794106
0.5097495965224598
0.5097480505896335
0.5097465240538639
0.5097450193001634
0.5097435311442318
0.5097420735084706
0.5097406495057829
0.5097392605392063
0.5097379142377161
0.509736599509274
0.5097353282172814
0.5097340937907031
0.5097328810353505
0.5097316932810074
0.509730505931901
0.5097293217821247
0.5097281394914908
0.5097269501847882
0.5097257786568774
0.5097246186849188
0.5097234701394653
0.5097223454412377
0.5097212365341193
0.5097201395164461
0.5097190532215452
0.5097179837226041
0.509716923501895
0.5097158673994785
0.5097148266321909
0.5097137892861351
0.509712754546862
0.5097117379039833
0.5097107285780194
0.5097097173380041
0.509708704034068
0.5097076867235169
0.5097066691675629
0.509705656227461
0.509704644846609
0.5097036287980488
0.5097026143906018
0.5097016075536178
0.509700611393111
0.5096996255317651
0.5096986450803612
0.509697676852725
0.5096967194150472
0.5096957693572892
0.5096948257877193
0.5096938743794308
0.509692912604378
0.5096919386978238
0.5096909394237056
0.5096899138494565
0.5096888636699018
0.5096877877650113
0.5096866869125201
0.50968555658259
0.5096843992597602
0.5096832159930188
0.5096820030329273
0.5096807685069231
0.509679499959801
0.5096781885214829
0.5096768374005471
0.5096754307980543
0.5096739718658791
0.5096724595026914
0.5096708873672111
0.5096692692516122
0.5096676071215673
0.5096659060162566
0.5096641598543469
0.5096623525592928
0.5096604863399491
0.5096585395873491
0.5096564987453074
0.5096543754785962
0.5096521615593829
0.5096498629511483
0.5096474887198316
0.5096450310609479
0.5096424945814994
0.5096398759556385
0.5096371693694915
0.5096343775166396
0.5096314898646794
0.509628511893807
0.5096254423391219
0.50962226183419
0.5096189708621836
0.5096155576912617
0.5096120060167693
0.5096083170975139
0.5096044829439009
0.509600506155712
0.5095963915702783
0.5095921287184314
0.5095877166602487
0.5095831459807193
0.5095784031930438
0.5095734846255884
0.5095683853960746
0.5095631013124475
0.5095576122759434
0.5095519214203458
0.5095460281540168
0.5095399163822691
0.5095336064982431
0.5095270801526556
0.509520318276556
0.5095133335650538
0.5095060998413375
0.509498620123945
0.5094908982341704
0.5094829156340445
0.5094746829377025
0.5094661910073569
0.5094574210370765
0.5094483670312191
0.5094390207630768
0.5094293719281051
0.5094194050489284
0.509409116441026
0.5093984942326581
0.5093875229770113
0.5093761994734651
0.5093644994348395
0.5093524074487502
0.5093399227423792
0.5093270344898034
0.5093137329650516
0.509299999556524
0.5092858196841703
0.5092711821228285
0.5092560652508061
0.5092404575070879
0.5092243429904605
0.5092076986099615
0.5091905130989338
0.5091727699813317
0.5091544522444429
0.5091355443252247
0.5091160185689345
0.5090958508425474
0.5090750298789867
0.5090535254209152
0.5090312975646394
0.509008326360597
0.5089845728601172
0.5089600018108016
0.5089345958931027
0.5089083182325225
0.5088811373531948
0.5088530199161672
0.5088239253045639
0.5087938068190601
0.5087626133803637
0.5087303041224605
0.5086968240948315
0.5086621289474484
0.5086261676740875
0.5085888882795576
0.5085502569760388
0.5085102151824923
0.5084687240754052
0.5084257215033362
0.5083811320134185
0.5083349008415652
0.5082869201923786
0.5082371078110646
0.5081853699703114
0.5081315923583211
0.5080756870577554
0.5080175296933132
0.5079570167396633
0.5078940391587532
0.5078284679339551
0.5077601953141876
0.507689078881759
0.5076149627872578
0.5075376970453799
0.5074571023403225
0.5073729661492914
0.507285082708603
0.5071932035122704
0.507097001233714
0.5069960591585713
0.5070423163558323
0.5070840628399818
0.5071216144309633
0.5071550831070806
0.5071845548672768
0.5072100783823529
0.5072316511396139
0.5072493044192562
0.5072630133252227
0.5072727713436449
0.5072785768204846
0.5072803951749297
0.5072782471452335
0.5072721225517988
0.5072620089041854
0.5072479158695932
0.5072298220327017
0.5072077392746704
0.5071816880219895
0.5071516854696527
0.5071177694688621
0.5070800057795024
0.5070384776859427
0.5069932471438657
0.5069444176544601
0.5068920876659252
0.5068363663907827
0.5067774178004004
0.5067153639732849
0.5066503944644063
0.5065827255440234
0.5065125679863394
0.5064401968451518
0.5063658421625206
0.5062897905525002
0.5062123423919456
0.5061338000854724
0.506054507180907
0.5059747850969244
0.50589498917368
0.5058154735786182
0.5057366386807182
0.5056588887253497
0.5055826136841806
0.5055082261096518
0.5054361259743246
0.5053666782315953
0.5053002874857917
0.5052373314959547
0.5051781511901062
0.5051231394234498
0.5050725786355662
0.5050268399190896
0.5049861982604177
0.5049509498753454
0.5049213661778821
0.5048976764375176
0.5048801160520255
0.5048688541073411
0.5048640891069802
0.5048660239610141
0.5048747828063894
0.5048905617843343
0.5049134074597263
0.5049434647220306
0.5049807432350477
0.5050252916003767
0.505077120607618
0.5051363110090753
0.5052028548459198
0.5052768141015274
0.5053582007180403
0.5054470949443841
0.5055434516478787
0.5056472620836462
0.5057585624979131
0.5058772600753405
0.5060033125947256
0.5061367111017686
0.5062774531824049
0.506425564990433
0.5065811745491485
0.5067443231605057
0.5069150907868966
0.5070936184073983
0.507279956631906
0.5074742352752285
0.5076764677580656
0.5078866842630767
0.5081051742147472
0.5083321035607502
0.5085677337246018
0.5088124462376845
0.5090664519856956
0.5093300312744093
0.5096035292997683
0.5098874382434097
0.5101824702382038
0.5104893307378411
0.5108086397919226
0.5111410337269578
0.5114871398676242
0.5118476138693014
0.5122233017258402
0.5126152548405972
0.513024755520208
0.5134531724241159
0.5139017540800506
0.5143716726882317
0.5148645355403935
0.5153817324250615
0.5159253238302258
0.5164972125542376
0.5170993574326308
0.5177336386803733
0.5184029804608791
0.5191094128907154
0.5198563456378753
0.5206461623807888
0.5214817043346349
0.5223666449790461
0.5233039226195592
0.5242986767473217
0.5253532098122595
0.5264707028749791
0.5276562424141019
0.528913671481545
0.5302480724851883
0.5316640016969277
0.5331668561176574
0.5347594680736291
0.536449965340122
0.5382412517108734
0.5401407933614185
0.5421524039988023
0.5442805631342055
0.5465313051337439
0.5489107793319143
0.5514212475816683
0.5540688806872551
0.5568572106714523
0.5597904303497041
0.5628701456408249
0.5660959052722636
0.5694623153425934
0.5729601960339287
0.5767296150170346
0.5920249795345718
0.6074986825598152
0.6120011877687376
0.6087881121502973
0.6038518397128431
0.6000163290843329
0.6000163290843329
0.6000163290843329
0.6000163290843329
0.6000163290843329
0.6000163290843329
0.6000163290843329
0.6000163290843329
0.6000163290843329
0.6000163290843329
0.6000163290843329
0.6000163290843329
0.6000163290843329
0.6000163290843329
0.6000163290843329
0.6000163290843329
0.6000163290843329
0.6000163290843329
0.6000163290843329
0.6000163290843329
0.6000163290843329
0.6000163290843329
0.6000163290843329
135.02948999116424
135.02954501202214
135.0297105612724
135.02998823783096
135.03037868507622
135.0308819823164
135.03149801846772
135.0322267043303
135.03306806019296
135.03402214780638
135.0350889614767
135.03626842788637
135.0375604813706
135.0389651215841
135.04048233919738
135.0421120770096
135.043854243655
135.04570879152308
135.04767574902536
135.0497551967524
135.05194720762566
135.05425184900048
135.05666918602174
135.05919922649622
135.0618419358445
135.06459724093426
135.06746510313343
135.07044555830367
135.07353866269858
135.07674442503662
135.08006278315793
135.0834936601824
135.08703702328995
135.0906928414589
135.09446103866097
135.09834153928605
135.10233430440582
135.1064393358688
135.110656621811
135.11498610994192
135.1194277480547
135.12398149612352
135.12864732559254
135.13342519570023
135.13831507984702
135.14331697909782
135.14843090691406
135.15365686052272
135.15899483578372
135.16444483235
135.17000684569499
135.17568085796103
135.18146688653482
135.18736497095784
135.19337515489482
135.19949747768638
135.20573197703916
135.21207870606173
135.21853772819094
135.22510913047003
135.2317930054515
135.23858942482107
135.245498456017
135.25252018707602
135.25965472288615
135.26690218814136
135.2742627280326
135.28173648523978
135.28932359734264
135.2970242134988
135.30483850041276
135.31276661001667
135.32080869412877
135.3289649071
135.33723542720202
135.34562045928985
135.35412022562411
135.36273495772562
135.3714648931176
135.38031028002933
135.3892713718087
135.3983484222932
135.4075417012073
135.4168514809961
135.426278042087
135.43582169526033
135.44548277442587
135.45526162968739
135.46515860531952
135.4751740375857
135.48530826461914
135.49556164092857
135.50593455459236
135.51642741203335
135.52704063219426
135.53777463610479
135.548629853482
135.559606724026
135.57070568622706
135.58192718552888
135.5932716765431
135.60473960704252
135.61633142720706
135.6280475906687
135.63988855892313
135.65185477835155
135.66394669134095
135.67616472733204
135.68850930182992
135.70098080404705
135.71357958293484
135.7263059531701
135.7391602029457
135.752142590482
135.7652533171881
135.77849253213927
135.79186032620217
135.80535673381843
135.81898171455637
135.83273514191956
135.84661682563896
135.86062649731593
135.8747638332157
135.88902843578566
135.90341983934988
135.91793750763406
135.9325808334324
135.9473491480588
135.96224172423405
135.97725778707783
135.99239653151807
136.00765712256577
136.0230387029766
136.03854039656872
136.0541613285203
136.06990063801499
136.08575747565826
136.10173100727454
136.1178204295705
136.1340249919292
136.1503440140642
136.16677686419274
136.18332296809885
136.19998182518756
136.21675303431573
136.23363629793764
136.2506314363945
136.26773837097434
136.28495714400543
136.30228792059995
136.31973100574172
136.33728685192935
136.35495605332198
136.37273934152165
136.39063759947172
136.40865185935817
136.4267832645651
136.44503304692424
136.463402523683
136.48189306651926
136.50050609280447
136.51924302334422
136.53810524200534
136.55709409603958
136.57621085308818
136.59545671205242
136.61483276046965
136.63433997313905
136.65397920608294
136.67375120175134
136.69365662411593
136.71369604880738
136.73386997165397
136.75417883119292
136.77462300454846
136.79520283880095
136.81591864110467
136.83677072039777
136.85775938065677
136.8788849368896
136.90014770684127
136.9215479938966
136.9430861131245
136.9647623844032
136.98657713135842
137.0085306882469
137.03062338759935
137.0528555868508
137.0752276458842
137.09773994741016
137.12039287404787
137.14318681696378
137.16612217220245
137.18919934963313
137.21241877851855
137.23578088708246
137.25928610994976
137.28293488930416
137.30672768071156
137.33066495323624
137.35474719128905
137.37897488815224
137.40334854530178
137.427868655705
137.45253571273264
137.47735022451968
137.502312708774
137.5274236891036
137.55268369682187
137.57809326178244
137.60365290504845
137.62936315148323
137.65522453360836
137.68123758408166
137.70740286075275
137.7337209015005
137.76019224094773
137.78681743017708
137.8135970221632
137.84053159780453
137.86762175312498
137.89486808150258
137.92227116774262
137.9498316066184
137.97754998412032
138.00542690859893
138.03346299162368
138.0616588444779
138.090015088054
138.11853233940417
138.14721119573076
138.17605225841777
138.20505614054488
138.23422344672957
138.26355480350557
138.29305082571474
138.32271213022133
138.35253932573082
138.38253300947855
138.41269379709925
138.44302230281713
138.47351915765125
138.50418498996004
138.53502042052017
138.56602606570223
138.59720253014703
138.62855042247543
138.66007033996175
138.69176287404855
138.7236286113815
138.75566812493943
138.78788197655481
138.82027072269034
138.8528348956987
138.88557500231752
138.9184915400254
138.95158497282895
138.98485575208036
139.01830431125776
139.05193105200038
139.08573635285725
139.11972056041466
139.15388398592432
139.1882269000853
139.22274953295508
139.25745207443174
139.2923346829355
139.3273974703831
139.36264048305233
139.39806373564426
139.43366719452982
139.4694507707112
139.50541434255717
139.54155774212896
139.57788075926132
139.61438313699338
139.65106459529594
139.6879248233919
139.72496350889637
139.7621803367652
139.79957500420505
139.83714722861146
139.874896762489
139.91282341139723
139.95092704288732
139.98920760490924
140.0276651332147
140.06629977607352
140.10511180104683
140.14410160237904
140.18326971178254
140.22261681512109
140.26214375094878
140.30185151426554
140.34174125907907
140.3818142997396
140.42207211361105
140.46251633250634
140.50314873704025
140.5439712502137
140.58498593257127
140.62619497272382
140.66760068444194
140.70920549807647
140.75101195242573
140.79302270109912
140.8352405061003
140.8776682324028
140.92030884972485
140.9631654334056
141.00624116460605
141.04953932498418
141.09306330834113
141.1368166390019
141.18080297074877
141.22502610531646
141.2694900100507
141.3141988422671
141.35915697876177
141.40436903816837
141.44983992747234
141.49557491085676
141.5415796402105
141.5878602386678
141.63442336157476
141.6812762761375
141.72842693306387
141.7758840245923
141.82365701314268
141.87175611639535
141.92019223386288
141.96897675431416
142.01812124834836
142.06763703963645
142.11753470554135
142.1678235460465
142.21851113023777
142.2696030338892
142.3211027574399
142.37301188488436
142.4253304035721
142.47805718552289
142.53119049000185
142.58472850058638
142.63866980515436
142.6930137810425
142.74776086566274
142.80291271436104
142.85847227980878
142.91444378163771
142.97083263578625
143.02764535071051
143.084889430269
143.14257326877495
143.20070609711584
143.2592979283211
143.3183595366902
143.37790249113885
143.43793920148352
143.49848301591942
143.559548369555
143.62115100884873
143.683308246416
143.7460393574169
143.80936609545378
143.87331333468836
143.9379098344701
144.00318902008237
144.0691894089977
144.13595405978452
144.2035283582668
144.2719561183419
144.34127551028416
144.41151707325892
144.48270475442206
144.55485880637485
144.62799887652938
144.7021463835903
144.77732597009975
144.8535662598135
144.93090019643626
145.0093652171896
145.08900335632518
145.1698614094907
145.2519911443561
145.33544951682455
145.42029887451187
145.5066069669665
145.5944466042066
145.68389476755678
145.77503089753637
145.8679338405103
145.9626766969479
146.05931842768214
146.15789080717178
146.25837877920708
146.3606919644311
146.46462542074173
146.56980925493994
146.6756506731274
146.7812795092392
146.8855190273793
146.98691345835806
147.0838420923774
147.17472524772157
147.2582803720277
147.33374293409244
147.4009661675144
147.46036779834668
147.51276321274392
147.55916246285625
147.60059773590913
147.63801184309997
147.67220609209295
147.70383029639564
147.73339602109547
147.76129910459218
147.78784327454878
147.8132611409167
147.83773133541533
147.86139188225903
147.88435036973482
147.90669153829703
147.92848294066653
147.94977910940992
147.97062465141033
147.9910565511916
148.01110586131546
148.03079899463415
148.05015867411092
148.06920466577958
148.08795434078453
148.1064230925627
148.12462468567065
148.14257150811272
148.16027479074225
148.17774477780213
148.19499085109175
148.21202165451118
148.22884517137535
148.24546880657354
148.2618994516496
148.27814353295628
148.2942070655593
148.3100956826457
148.3258146829031
148.34136905491317
148.35676349995452
148.37200246958966
148.3870901710923
148.402030595475
148.41682753536273
148.43148459425927
148.44600520704535
148.46039264595316
148.4746500369847
148.4887803666396
148.50278648991528
148.516671141124
148.53043693842207
148.5440863950097
148.55762192307148
148.5710458434384
148.58436038416716
148.59756768886143
148.61066982596464
148.62366878498594
148.63656648628398
148.64936478172942
148.66206546017258
148.6746702500521
148.6871808236007
148.69959880518613
148.71192576076947
148.72416320809768
148.73631261815385
148.7483754123438
148.7603529721637
148.77224663425577
148.78405769718555
148.79578742248697
148.8074370353462
148.81900772839663
148.83050065856017
148.84191695369643
148.85325771119673
148.8645239995118
148.87571685915296
148.8868373015806
148.8978863148786
148.90886485975983
148.91977387528814
148.93061427808541
148.94138695882557
148.95209279025022
148.96273261969125
148.97330727491067
148.9838175658913
148.99426428029497
149.00464819204686
149.01497005430346
149.0252306052356
149.03543057052542
149.0455706599938
149.05565156973614
149.06567397968462
149.07563855727162
149.0855459537101
149.095396807845
149.10519174615482
149.1149313770738
149.1246162992345
149.13424709965793
149.14382435668256
149.15334863517867
149.16282049061977
149.1722404696888
149.18160910179375
149.190926912944
149.20019441438285
149.20941210720645
149.21858048816037
149.22770003811866
149.2367712363997
149.24579454847125
149.25477043510918
149.2636993547534
149.2725817465605
149.28141805316037
149.29020870414976
149.2989541184858
149.307654713772
149.31631089230027
149.3249230585669
149.33349160928498
149.3420169329149
149.3504994150633
149.35893943281067
149.3673373613007
149.3756935654058
149.38400840788495
149.39228224527645
149.40051542649195
149.40870829931816
149.41686119956535
149.42497446123932
149.43304841141213
149.44108336975648
149.44907965539497
149.457037578097
149.46495744803298
149.4728395682986
149.48068423736407
149.48849175539843
149.49626241233597
149.5039964997154
149.5116943043104
149.51935610464716
149.5269821810601
149.5345728057676
149.54212824962664
149.54964878127245
149.55713466010388
149.5645861428561
149.5720034800384
149.5793869220822
149.5867367149585
149.59405310284615
149.6013363316651
149.60858663795986
149.6158042590937
149.62298942769408
149.63014237374233
149.637263327141
149.64435250872953
149.65141014499028
149.65843645475448
149.66543165345212
149.6723959610041
149.6793295853588
149.68623274155343
149.69310563994813
149.69994848287322
149.70676147738334
149.71354481822667
149.72029870232578
149.72702332337184
149.73371886759088
149.74038552669992
149.74702348454517
149.75363292473227
149.7602140297584
149.7667669770782
149.77329194681894
149.7797891160938
149.78625866215683
149.7927007624568
149.7991155897721
149.80550331662968
149.81186411340764
149.81819815071373
149.82450559842903
149.8307866211102
149.83704138409342
149.8432700499529
149.8494727743755
149.8556497137117
149.86180101828782
149.86792683604946
149.87402731740795
149.88010260867344
149.8861528587515
149.8921782165745
149.89817882710392
149.9041548361641
149.91010638804937
149.9160336275715
149.92193669548848
149.92781573169336
149.93367087699278
149.93950226395734
149.9453100269773
149.95109429807576
149.95685520579548
149.96259288210553
149.9683074511529
149.97399904116998
149.9796677771289
149.9853137798397
149.99093717876804
149.99653809231634
150.0021166457697
150.00767296629581
150.0132071719585
150.01871939042547
150.0242097374807
150.02967833161813
150.03512529326682
150.04055072979318
150.0459547586122
150.05133749155232
150.05669903641856
150.06203950415502
150.0673590051617
150.0726576509582
150.07793554942353
150.08319281552656
150.08842955663593
150.09364587749363
150.09884188611122
150.10401767999247
150.10917336343869
150.11430903697178
150.11942479645538
150.12452074380522
150.12959697474892
150.1346535880504
150.13969068091836
150.144708350003
150.1497066929316
150.15468580253983
150.15964577709323
150.1645867099947
150.16950869417053
150.1744118256495
150.17929619385217
150.1841618943881
150.18900901866348
150.193837651541
150.19864788399258
150.2034398017678
150.20821348861202
150.21296903061625
150.21770651268554
150.2224260209445
150.2271276413323
150.23181146113004
150.23647756630345
150.2411260406686
150.24575696677783
150.25037042540583
150.25496649677066
150.25954525818653
150.26410678834026
150.2686511672762
150.2731784722563
150.2776887825174
150.2821821758749
150.28665872660767
150.29111850849006
150.2955615923956
150.2999880493479
150.30439795208682
150.30879137064917
150.31316837745507
150.3175290468903
150.3218734502541
150.32620166536816
150.3305137705091
150.33480984205192
150.33908995702112
150.3433541866199
150.3476026024303
150.35183527429749
150.35605226866082
150.36025365154902
150.36443948891136
150.3686098455035
150.37276478627973
150.3769043790991
150.38102868708125
150.38513777294202
150.38923170194403
150.39331053299793
150.3973743284141
150.40142315261411
150.4054570695362
150.40947614602135
150.41348044556744
150.41747003383097
150.42144497116584
150.42540531517787
150.42935112837642
150.43328246611566
150.43719938504816
150.44110194760103
150.4449902149681
150.4488642461965
150.45272409948765
150.45656983450448
150.4604015064009
150.46421917082483
150.46802288386488
150.47181269700627
150.47558866623416
150.47935084665195
150.48309929492405
150.48683406733238
150.49055521968614
150.49426281210066
150.49795689759623
150.5016375321242
150.50530476965906
150.50895865774066
150.5125992529926
150.51622660566946
150.51984076522461
150.52344178051797
150.52702969547911
150.5306045642973
150.5341664343831
150.53771535408276
150.54125137820355
150.5447745529028
150.548284929946
150.55178256050604
150.55526749425513
150.55873978171311
150.56219947419808
150.5656466284367
150.5690812930009
150.57250351632553
150.57591334707382
150.5793108284471
150.5826960076461
150.58606892958696
150.58942963793098
150.59277817556264
150.59611458690125
150.59943891574216
150.60275120327373
150.6060514969291
150.6093398395243
150.61261627696692
150.61588085975745
150.61913362771904
150.6223746234046
150.62560388742835
150.62882145807166
150.63202737661302
150.63522168094354
150.63840441429767
150.64157561902113
150.64473533495863
150.6478836072752
150.6510204754583
150.65414597734272
150.6572601524976
150.66036303865468
150.66345467655196
150.666535105313
150.6696043673569
150.67266250600446
150.67570955955503
150.6787455734107
150.68177058899605
150.68478464491244
150.687787780973
150.69078002747682
150.69376141928998
150.6967319894212
150.69969176919005
150.702640796892
150.70557910417438
150.7085067283727
150.71142370919088
150.71433008367288
150.71722589283
150.7201111730003
150.72298596402584
150.72585030429352
150.72870423007984
150.73154777847466
150.7343809788765
150.7372038664028
150.74001647250563
150.74281882411074
150.74561095390308
150.74839288731872
150.7511646538326
150.7539262823445
150.7566778037809
150.75941925706937
150.7621506735846
150.76487209081614
150.76758354771215
150.77028507297126
150.77297669658836
150.77565845030173
150.77833036452853
150.78099246745555
150.78364479336636
150.78628737437225
150.7889202386985
150.79154342028949
150.79415694681833
150.79676084621266
150.79935514890707
150.80193988020702
150.80451507322485
150.80708075413483
150.80963694869808
150.8121836859268
150.8147209864578
150.8172488816678
150.81976739926137
150.82227656035994
150.82477639810753
150.82726693724777
150.8297482020006
150.83222022482738
150.83468303353078
150.8371366556934
150.8395811210282
150.84201645694765
150.84444268783705
150.84685984141223
150.84926794245732
150.85166701053595
150.85405706911303
150.8564381418135
150.8588102533608
150.8611734286758
150.86352769568515
150.86587308437757
150.86820961808846
150.8705373233272
150.87285622718002
150.87516634761073
150.87746770630102
150.8797603272449
150.88204422934828
150.884319434067
150.88658596185547
150.8888438314279
150.89109306747972
150.89333369558483
150.89556574116767
150.89778923179793
150.90000418633164
150.9022106272748
150.90440857640894
150.9065980518254
150.90877908366616
150.9109516943954
150.91311590292378
150.91527173661274
150.91741921499553
150.91955835607345
150.9216891825698
150.92381171435724
150.92592596848564
150.92803196585092
150.93012972837315
150.93221927311583
150.9343006198459
150.9363737855342
150.93843878837913
150.94049565421375
150.94254440257546
150.9445850549593
150.94661763152314
150.9486421488248
150.95065862827744
150.95266708517335
150.954667539926
150.95666001390342
150.95864452138443
150.96062109000422
150.9625897362644
150.96455047058282
150.96650331539774
150.96844828280774
150.97038539156347
150.9723146648679
150.9742361176473
150.97614977119787
150.97805564087273
150.9799537425632
150.98184409466705
150.98372671024867
150.9856016060415
150.98746880064502
150.98932831583636
150.9911801697817
150.99302437694723
150.99486095370312
150.99668991144748
150.9985112658632
151.0003250326083
151.00213122742088
151.00392986863798
151.0057209710988
151.00750455401285
151.00928063329317
151.01104922186065
151.01281033725868
151.01456399310436
151.01631020404213
151.01804898460813
151.01978034769317
151.02150431100557
151.0232208895427
151.02493009712668
151.02663195155023
151.02832646888214
151.03001366482204
151.0316935554693
151.03336615549455
151.03503147808792
151.03668953619305
151.03834034396678
151.03998391465518
151.04162026153392
151.0432493962421
151.04487133199248
151.0464860809135
151.04809365358398
151.04969406106426
151.05128731052253
151.05287341662847
151.05445239241482
151.05602424697915
151.05758900009363
151.05914666022164
151.06069723967548
151.06224076029406
151.06377723090228
151.06530666650073
151.06682907860852
151.06834447400269
151.06985286580186
151.07135426153658
151.0728486733008
151.07433611083889
151.07581658393013
151.07729010630354
151.07875668785158
151.08021634208325
151.08166907756564
151.08311490894474
151.08455385136844
151.08598591025498
151.08741110350988
151.08882944208412
151.09024093231272
151.09164559220247
151.0930434308383
151.09443445469796
151.09581867254892
151.0971960877527
151.09856670568993
151.0999305335999
151.1012875738772
151.102637831655
151.10398131538489
151.10531802855692
151.1066479813388
151.10797118406634
151.10928764369334
151.11059737693392
151.1119003960288
151.11319671091945
151.11448633407565
151.11576927074282
151.11704552985384
151.11831512049764
151.11957804934968
151.12083432639295
151.122083959569
151.12332695939114
151.12456333487705
151.12579309286056
151.1270162417681
151.12823278351442
151.1294427237595
151.13064606745803
151.13184281418935
151.1330329688732
151.13421653371898
151.13539350902806
151.1365639005697
151.13772771433082
151.138884956022
151.1400356320647
151.14117974996122
151.14231731627797
151.14344833460476
151.14457280818692
151.14569074334682
151.14680214623385
151.14790701974826
151.14900537165852
151.15009720694152
151.15118252950697
151.1522613455935
151.1533336571062
151.15439946801317
151.1554587817737
151.15651160113006
151.15755792925668
151.15859776767653
151.15963112114696
151.1606579884762
151.1616783692787
151.16269226676258
151.16369967837988
151.16470060626915
151.16569504984437
151.16668300996471
151.16766449088504
151.1686394923858
151.16960802085796
151.17057007836374
151.17152566380375
151.17247477910882
151.17341742117932
151.17435359104053
151.17528329007868
151.17620651595283
151.17712326953844
151.17803355308422
151.1789373666008
151.17983470833678
151.1807255803964
151.1816099827756
151.18248791090048
151.18335936715079
151.18422434976554
151.18508284901753
151.1859348639209
151.18678039400206
151.1876194349891
151.188451983074
151.1892780329857
151.19009758124687
151.19091062497284
151.19171716257298
151.192517190918
151.1933107040381
151.19409769856486
151.19487817147498
151.19565212001794
151.19641953791384
151.19718041970413
151.19793476304744
151.19868256180246
151.19942381532934
151.2001585220342
151.20088667521145
151.2016082739349
151.20232331105103
151.20303177521856
151.20373365847075
151.20442894981085
151.2051176419267
151.2057997264429
151.20647519225338
151.20714403049348
151.20780623073412
151.20846178798246
151.20911069653422
151.2097529482145
151.21038853976168
151.2110174634153
151.21163971034667
151.21225527201005
151.21286413616238
151.21346629109988
151.21406172272918
151.21465041903042
151.21523237184368
151.21580756829556
151.21637599999224
151.21693766177927
151.21749254103554
151.21804062971725
151.2185819186696
151.21911639302715
151.21964404421195
151.22016485944718
151.22067882218573
151.2211859177987
151.2216861307938
151.22217944591512
151.2226658424728
151.2231453074171
151.2236178297712
151.22408339131584
151.2245419848676
151.22499360070364
151.2254382205559
151.22587583387212
151.2263064245037
151.22672997130604
151.22714646216838
151.22755588093693
151.22795820932268
151.22835343563608
151.22874154380446
151.22912251435235
151.22949632956852
151.22986297507205
151.23022242927635
151.23057467164463
151.23091968372725
151.23125743534584
151.2315879098425
151.23191109000035
151.23222694696793
151.23253546779
151.2328366313387
151.23313041416714
151.23341680175852
151.23369576927246
151.2339672964739
151.2342313669493
151.23448796082948
151.23473705829792
151.23497863806045
151.23521268151956
151.23543916487466
151.23565806357254
151.23586935448233
151.23607300782618
151.23626900146792
151.23645730868498
151.2366378971922
151.23681074180126
151.23697581061086
151.23713307939153
151.2372825252109
151.237424116284
151.23755783030754
151.2376836392812
151.23780151344988
151.23791143034677
151.23801336086495
151.23810727988447
151.23819316156718
151.23827097635925
151.23834069986137
151.2384023012954
151.23845574639785
151.23850100860923
151.2385380613874
151.23856687392848
151.23858742207042
151.23859967640342
151.23860360204645
151.23859916776397
151.23858633541465
151.23856507261593
151.23853534664298
151.23849712328183
151.23845037709816
151.23839507282923
151.23833118094828
151.23825867210314
151.23817750898482
151.23808766134087
151.23798909070845
151.2378817609922
151.23776563638785
151.2376406795896
151.23750685735632
151.2373641318286
151.2372124722979
151.23705184181793
151.23688220610646
151.23670352769685
151.2365157603466
151.2363188684238
151.23611279811774
151.23589749283187
151.23567290052296
151.23543894718915
151.23519556125245
151.23494266289336
151.23468014960608
151.23440790475624
151.2341257801067
151.23383357361217
151.2335310008118
151.23321761226217
151.23289256212806
151.23255369593235
151.2322034327114
151.23184287481533
151.23147275067845
151.23109360666982
151.23070591035284
151.23031007989465
151.22990647642106
151.22949546216623
151.22907736075717
151.22865247841662
151.22822112879365
151.22778358085375
151.22734011384335
151.22689099850848
151.22643648448366
151.22597683736785
151.2255122963821
151.22504309674966
151.22456947182013
151.224091638075
151.22360980520367
151.22312416527032
151.22263491685175
151.22214224039817
151.22164630668263
151.22114728301943
151.22064530657335
151.22014052488345
151.2196330562418
151.21912299496302
151.21861043238948
151.2180954252683
151.2175780368208
151.21705829713125
151.21653621800968
151.21601180035302
151.21548501401716
151.2149558292299
151.2144241850051
151.2138900050881
151.21335317730924
151.21281356386572
151.21227102158204
151.2117253724497
151.21117642175392
151.21062397433934
151.21006778912974
151.20950761478122
151.20894319478774
151.20837422290566
151.20780042019896
151.20722143848215
151.2066369477555
151.20604658092566
151.20544994771413
151.2048466538035
151.20423626423778
151.20361835006787
151.2029924347606
151.2023580075138
151.20171455975952
151.2010615128333
151.20039832224
151.19972436368502
151.19903903858986
151.198341694311
151.19763166089496
151.1969081921668
151.19617054706978
151.1954179067856
151.19464943435403
151.1938642143404
151.19306134002065
151.19223983473924
151.19139864365388
151.1905367150172
151.1896529037471
151.18874599301515
151.1878146798827
151.18685759357734
151.185873241946
151.18486007890192
151.18381648580672
151.1827407100733
151.1816309494266
151.1804852569635
151.17930160891467
151.17807789761085
151.17681179066494
151.1755008539669
151.17414247084892
151.1727338445011
151.17127213180993
151.16975430906638
151.16817713699888
151.16653713108434
151.16483053723283
151.16305343930767
151.16120180286055
151.15927142168533
151.15725786458734
151.15515643073766
151.15296208548398
151.15066953026184
151.14827317206712
151.14576713018388
151.14314548150432
151.1404021463459
151.13753061399385
151.13452439772738
151.1313764603993
151.1280795427653
151.1246263436102
151.12100958135696
151.11722185782253
151.11325615599992
151.10910481632285
151.10476117232048
151.10021877283762
151.09547143575924
151.09051424517602
151.08534203285336
151.07995294920843
151.07434582257775
151.06852032432644
151.0624806749835
151.05623296419728
151.0497871636519
151.043157901916
151.0363670383159
151.02943890895233
151.0224106689565
151.01532453007366
151.00823716911987
151.00121789912816
150.9943491411897
150.98773388221954
150.98150034245646
150.97579767597895
150.97080727143504
150.9667458993278
150.9638757825481
150.96250230013453
150.9629787822532
150.9656570051604
150.970699170687
150.97704601818606
150.99241704796876
151.02501518361035
151.07797231347973
151.1360890785893
151.19232319406453
151.24498499937255
151.2951449162761
151.3431105516587
151.38899323923945
151.43282504590533
151.47459666224142
151.5142743309143
151.55180908573402
151.58714244385544
151.62021028149044
151.6509456514471
151.67928095308247
151.7051496694495
151.7284878108069
151.7492351272568
151.76733614558427
151.78274105353424
151.79540645207496
151.80529596599703
151.81238053817395
151.81663951850356
151.81806189236036
