39.748187563449655
39.74818651050772
39.748183352035156
39.74817808989277
39.748170727003625
39.748161267315076
39.748149715764605
39.74813607814409
39.74812036102663
39.74810257178698
39.74808271860332
39.74806081043747
39.74803685691967
39.7480108682027
39.74798285484257
39.74795282778763
39.74792079840024
39.74788677845051
39.74785078006329
39.74781281555501
39.747772897336056
39.747731037861
39.747687249633415
39.74764154522399
39.74759393720499
39.74754443803296
39.74749305992704
39.74743981482317
39.747384714362134
39.74732776993862
39.74726899269397
39.7472083934469
39.747145982632624
39.747081770199785
39.74701576557335
39.74694797764308
39.746878414773285
39.74680708483392
39.746733995235644
39.74665915292985
39.746582564366754
39.74650423545682
39.746424171498916
39.74634237720092
39.74625885673708
39.746173613802796
39.74608665168062
39.745997973236655
39.74590758091491
39.74581547675068
39.7457216624045
39.745626139180864
39.745528908057025
39.74542996969059
39.74532932443992
39.74522697245953
39.745122913759566
39.7450171482684
39.74490967585485
39.74480049630456
39.74468960933338
39.74457701462136
39.74446271184949
39.74434670073639
39.74422898108219
39.74410955278969
39.74398841593254
39.74386557080663
39.743741017923355
39.74361475800738
39.74348679195709
39.74335712083866
39.74322574593254
39.743092668767304
39.742957891137934
39.74282141512484
39.74268324309324
39.74254337769966
39.74240182191348
39.74225857897322
39.7421136523419
39.74196704568347
39.74181876284539
39.741668807897994
39.741517185165115
39.74136389920728
39.74120895481276
39.74105235698284
39.740894110907476
39.7407342219577
39.74057269564231
39.74040953754837
39.740244753335126
39.740078348746245
39.73991032963116
39.7397407019751
39.739569471871654
39.73939664549132
39.73922222908193
39.73904622894023
39.73886865139356
39.73868950276937
39.73850878935683
39.73832651741884
39.73814269323528
39.73795732312514
39.73777041345159
39.73758197061449
39.73739200101352
39.73720051105925
39.73700750716328
39.736812995700824
39.736616983001696
39.736419475335296
39.73622047894642
39.736020000099565
39.7358180451008
39.73561462028199
39.73540973199445
39.73520338660212
39.734995590466944
39.73478634995201
39.73457567136737
39.73436356096492
39.73415002495485
39.73393506953471
39.733718700927106
39.7335009253685
39.73328174910268
39.73306117835976
39.73283921936659
39.73261587831318
39.73239116131909
39.73216507440216
39.73193762345669
39.73170881429854
39.73147865266825
39.731247144248535
39.731014294641724
39.730780109365355
39.730544593855846
39.73030775344098
39.730069593318
39.72983011848508
39.72958933373893
39.72934724367274
39.7291038527021
39.728859165072805
39.72861318484886
39.728365915934226
39.728117362065476
39.72786752684117
39.72761641367281
39.72736402575264
39.72711036603382
39.72685543721843
39.72659924179449
39.72634178202564
39.72608305996888
39.72582307748109
39.725561836269
39.725299337903095
39.72503558381234
39.72477057527124
39.724504313349094
39.72423679894459
39.723968032768454
39.723698015344944
39.72342674701638
39.72315422794895
39.72288045818281
39.7226054376646
39.72232916626408
39.72205164374084
39.721772869759704
39.7214928438708
39.72121156550539
39.72092903397281
39.72064524840432
39.72036020778179
39.7200739109576
39.719786356682576
39.71949754362263
39.71920747035859
39.7189161353844
39.71862353712283
39.71832967393038
39.71803454404069
39.71773814555351
39.71744047640803
39.71714153438694
39.71684131714885
39.71653982220965
39.716237046953154
39.715932988658686
39.71562764452463
39.71532101167502
39.71501308714807
39.714703867856116
39.71439335057443
39.71408153194952
39.71376840847336
39.71345397647316
39.71313823211191
39.71282117140376
39.712502790263365
39.7121830845242
39.71186204993259
39.71153968215831
39.711215976800936
39.71089092939823
39.71056453541133
39.710236790199076
39.70990768901156
39.70957722701309
39.7092453993209
39.70891220101759
39.708577627184354
39.708241672932324
39.70790433346106
39.70756560409618
39.707225480297126
39.706883957666996
39.70654103195394
39.7061966991015
39.70585095525388
39.70550379677738
39.70515522029375
39.70480522272342
39.70445380137313
39.70410095398011
39.70374667875848
39.70339097442702
39.703033840273655
39.70267527617879
39.70231528263027
39.701953860734655
39.70159101219509
39.7012267393772
39.700861045317076
39.700493933740056
39.700125409086624
39.69975547653354
39.69938414204015
39.699011412363774
39.698637295056365
39.69826179841661
39.697884931502045
39.69750670408533
39.69712712660833
39.69674621014368
39.69636396631199
39.695980407282136
39.695595545735884
39.69520939482467
39.69482196811924
39.69443327957033
39.69404334346675
39.6936521743757
39.69325978706879
39.69286619639889
39.69247141723696
39.692075464384345
39.691678352476075
39.69128009589582
39.690880708679416
39.690480204469274
39.69007859646338
39.68967589735574
39.68927211926121
39.688867273658865
39.688461371344715
39.6880544223656
39.687646435938746
39.687237420367005
39.686827382977384
39.686416330080256
39.686004266923824
39.68559119764666
39.68517712525227
39.684762051621895
39.68434597752614
39.68392890262118
39.68351082545775
39.6830917434739
39.682671653026766
39.68225054940976
39.681828426827146
39.68140527841762
39.6809810962728
39.68055587148632
39.68012959419993
39.67970225365292
39.67927383824031
39.678844335616546
39.67841373279704
39.67798201620745
39.67754917178888
39.677115185055534
39.676680041189066
39.67624372512578
39.675806221589426
39.675367515175495
39.67492759043333
39.67448643197156
39.674044024532634
39.67360035309809
39.673155402982
39.672709159952156
39.67226161035442
39.67181274116445
39.67136254009018
39.67091099563741
39.670458097189155
39.67000383505482
39.66954820049358
39.6690911857652
39.66863278417158
39.66817299011982
39.66771179913803
39.66724920791259
39.666785214335285
39.6663198175446
39.6658530179476
39.66538481720891
39.664915218250265
39.66444422523016
39.663971843529694
39.663498079688935
39.66302294133439
39.662546437145316
39.6620685767964
39.66158937089818
39.66110883094249
39.660626969229604
39.660143798837666
39.65965933358259
39.65917358793284
39.65868657693935
39.658198316169866
39.65770882163126
39.65721810967777
39.65672619691479
39.65623310008126
39.65573883598636
39.65524342143791
39.65474687313215
39.65424920760686
39.65375044117052
39.653250589876016
39.65274966947472
39.652247695355854
39.65174468250576
39.65124064546983
39.65073559832448
39.650229554594034
39.64972252720913
39.64921452845315
39.64870556993305
39.64819566254515
39.64768481642129
39.64717304092955
39.64666034466079
39.646146735458736
39.6456322203982
39.645116805789854
39.64460049721419
39.64408329951991
39.64356521683979
39.64304625257049
39.642526409371314
39.64200568917569
39.641484093201406
39.640961621929314
39.64043827511375
39.639914051826246
39.639388950473496
39.638862968846674
39.63833610415066
39.637808353043745
39.637279711721355
39.63675017595243
39.636219741103616
39.63568840219059
39.635156153913144
39.6346229906965
39.63408890671421
39.63355389590456
39.63301795201304
39.63248106864628
39.63194323931666
39.63140445746782
39.630864716549446
39.63032401007499
39.62978233169183
39.62923967522184
39.6286960346998
39.628151404436224
39.62760577904226
39.62705915346913
39.62651152298917
39.62596288322477
39.62541323017711
39.62486256021228
39.62431087008053
39.62375815691319
39.62320441825888
39.62264965210366
39.622093856891134
39.6215370315171
39.62097917536482
39.620420288335744
39.61986037081896
39.619299423705414
39.61873744836163
39.61817444662505
39.61761042079766
39.61704537359548
39.61647930813006
39.615912227907714
39.6153441368213
39.61477503913014
39.61420493945614
39.61363384279268
39.61306175451789
39.61248868039699
39.611914626566765
39.61133959953044
39.610763606165136
39.61018665369672
39.60960874966271
39.6090299018737
39.60845011839634
39.60786940752094
39.60728777770502
39.60670523755458
39.6061217957746
39.605537461174535
39.60495224263525
39.604366149057086
39.60377918936147
39.603191372462334
39.60260270723564
39.60201320246339
39.60142286679583
39.60083170869443
39.60023973639181
39.59964695782226
39.59905338053138
39.598459011661625
39.597863857883745
39.597267925353925
39.59667121966948
39.596073745840506
39.595475508291294
39.59487651083756
39.59427675667478
39.5936762483668
39.59307498786185
39.592472976493255
39.5918702149565
39.59126670330496
39.59066244096147
39.59005742671741
39.58945165872561
39.588845134504524
39.58823785095658
39.587629804400336
39.587020990607144
39.586411404813475
39.58580104177441
39.58518989584221
39.58457796098403
39.58396523084282
39.583351698775324
39.58273735789308
39.582122201116974
39.58150622117427
39.58088941062317
39.580271761872865
39.579653267215875
39.57903391881339
39.57841370871239
39.577792628873695
39.57717067119041
39.5765478275243
39.57592408970672
39.575299449589444
39.57467389907918
39.57404743017153
39.57342003496929
39.57279170569399
39.5721624347427
39.57153221468563
39.57090103827016
39.57026889843948
39.56963578834223
39.56900170135447
39.5683666310933
39.56773057141903
39.567093516479794
39.56645546076021
39.56581639910093
39.56517632673337
39.56453523934253
39.563893133107065
39.56325000473646
39.56260585150501
39.56196067126038
39.56131446247665
39.56066722424776
39.56001895627988
39.55936965889048
39.558719333002706
39.55806798014748
39.557415602412476
39.55676220244425
39.5561077834325
39.55545234909372
39.554795903654586
39.55413845181483
39.553479998741906
39.55282055004941
39.552160111764124
39.5514986902596
39.55083629224103
39.550172924694344
39.54950859480883
39.548843309927705
39.548177077470065
39.54750990488081
39.54684179957383
39.546172768845224
39.54550281983087
39.54483195947298
39.54416019447076
39.54348753123741
39.54281397586517
39.54213953411995
39.541464211405696
39.540788012733586
39.540110942695726
39.53943300543721
39.538754204640405
39.53807454346975
39.53739402453394
39.536712649851566
39.536030420834415
39.53534733822469
39.53466340205819
39.533978611665916
39.533292965626
39.53260646177107
39.531919097154216
39.53123086804889
39.530541769972814
39.52985179767452
39.52916094513198
39.52846920556725
39.527776571471875
39.527083034605475
39.52638858600091
39.52569321598758
39.524996914217134
39.52429966968951
39.52360147077599
39.52290230526091
39.52220216040713
39.52150102302282
39.52079887952539
39.52009571601977
39.519391518421465
39.518686272559606
39.51797996426039
39.51727257949184
39.51656410446394
39.51585452575852
39.51514383043895
39.51443200613315
39.51371904116412
39.51300492463731
39.51228964652145
39.511573197710455
39.51085557011677
39.51013675673176
39.50941675166652
39.508695550202184
39.50797314882828
39.507249545286605
39.50652473857635
39.50579872896177
39.505071517970705
39.50434310838608
39.503613504216574
39.5028827106201
39.502150733861434
39.501417581247644
39.50068326100542
39.499947782186254
39.499211154550586
39.4984733884406
39.49773449466439
39.49699448433577
39.496253368756804
39.495511159295305
39.494767867260364
39.494023503766115
39.49327807962627
39.4925316052715
39.49178409063086
39.49103554504619
39.49028597718255
39.48953539497036
39.48878380552032
39.48803121505331
39.48727762884515
39.48652305116796
39.48576748526716
39.4850109332926
39.4842533962745
39.48349487413833
39.48273536567861
39.481974868566446
39.48121337938226
39.48045089365289
39.47968740590826
39.47892290972925
39.47815739781844
39.47739086208914
39.476623293748034
39.475854683374706
39.47508502099559
39.47431429619974
39.473542498213185
39.47276961597389
39.47199563821211
39.47122055354787
39.47044435056535
39.469667017872204
39.46888854420104
39.4681089184685
39.46732812987741
39.46654616798157
39.46576302274567
39.46497868465461
39.464193144772935
39.46340639479686
39.46261842711603
39.461829234868716
39.46103881197743
39.46024715315416
39.459454253911844
39.458660110565745
39.45786472020491
39.45706808065627
39.45627019042623
39.45547104865344
39.45467065504976
39.45386900980781
39.45306611351996
39.45226196711096
39.45145657176073
39.450649928782866
39.44984203956629
39.44903290548196
39.44822252779024
39.44741090756064
39.44659804555836
39.44578394218302
39.44496859737093
39.44415201049887
39.44333418029803
39.44251510478191
39.44169478118257
39.44087320586277
39.44005037426635
39.43922628090239
39.438400919304726
39.43757428202235
39.436746360639894
39.43591714580956
39.43508662730641
39.43425479408954
39.43342163438476
39.43258713579373
39.43175128542163
39.43091406997323
39.430075475895585
39.429235489541284
39.42839409728981
39.4275512857043
39.42670704166967
39.42586135256674
39.42501420640772
39.42416559197334
39.42331549897652
39.422463918190694
39.421610841601535
39.42075626252279
39.41990017571078
39.41904257750262
39.41818346590438
39.41732284065464
39.41646070331103
39.4155970572979
39.414731907921315
39.413865262357504
39.412997129638725
39.41212752059644
39.41125644777539
39.41038392532054
39.40950996883849
39.40863459525628
39.40775782262373
39.40687966991409
39.40600015680379
39.40511930346064
39.40423713029862
39.40335365770318
39.402468905824286
39.40158289431127
39.40069564205633
39.399807166962866
39.398917485705724
39.39802661351688
39.397134563963775
39.39624134874186
39.3953469775049
39.39445145769898
39.39355479441327
39.392656990248106
39.39175804522665
39.39085795673943
39.38995671946932
39.38905432539136
39.3881507638003
39.38724602135769
39.38634008215593
39.38543292784393
39.38452453777195
39.38361488915057
39.382703957256474
39.38179171562732
39.380878136320405
39.379963190160524
39.37904684697912
39.37812907589592
39.377209845591246
39.37628912457599
39.37536688143844
39.37444308510544
39.37351770511075
39.372590711798836
39.37166207654388
39.37073177196846
39.369799772109026
39.36886605259276
39.36793059076659
39.3669933658249
39.36605435892513
39.365113553253686
39.36417093408132
39.36322648879981
39.362280206953045
39.36133208019688
39.36038210226777
39.35943026893457
39.358476577914814
39.35752102875413
39.356563622699895
39.35560436257336
39.354643252586605
39.353680298163184
39.352715505750474
39.35174888260931
39.35078043661893
39.34981017604969
39.34883810933867
39.347864244911456
39.34688859095103
39.345911155198465
39.34493194476671
39.34395096597042
39.34296822415896
39.34198372353685
39.340997467057484
39.34000945629014
39.3390196912964
39.3380281705466
39.337034890836314
39.336039847228356
39.33504303300003
39.33404443960631
39.333044056669785
39.332041871995564
39.3310378715767
39.330032039629316
39.329024358669415
39.32801480958894
39.327003371732495
39.325990023023046
39.32497474010014
39.3239574984638
39.32293827261679
39.321917036252394
39.32089376244325
39.31986842380142
39.31884099269256
39.3178114414058
39.31677974235783
39.315745868275414
39.31470979234834
39.31367148841598
39.312630931121426
39.31158809604204
39.31054295981292
39.30949550024469
39.30844569643195
39.307393528807104
39.3063389792054
39.30528203093687
39.30422266878831
39.30316087903843
39.302096649455144
39.30102996927281
39.299960829147054
39.2988892210877
39.29781513838381
39.296738575506645
39.295659528000854
39.294577992331696
39.29349396574948
39.292407446135705
39.29131843181337
39.290226921359526
39.28913291341844
39.28803640652064
39.286937398858186
39.28583588809568
39.284731871207136
39.28362534427619
39.28251630233258
39.28140473921979
39.28029064745647
39.279174018148844
39.278054840890526
39.276933103720296
39.2758087931038
39.27468189391933
39.273552389496125
39.27242026165321
39.27128549080568
39.27014805605455
39.26900793529928
39.267865105413485
39.266719542411565
39.26557122161389
39.26442011786133
39.26326620573792
39.262109459789905
39.260949854748525
39.259787365779744
39.258621968728704
39.257453640348615
39.25628235853929
39.25510810257234
39.25393085331656
39.25275059342859
39.2515673075362
39.25038098239527
39.24919160703413
39.24799917285542
39.24680367368475
39.245605105843616
39.244403468143254
39.2431987618314
39.241990990538945
39.24078016017332
39.239566278774774
39.23834935632552
39.2371294045525
39.235906436705605
39.23468046727013
39.233451511699535
39.232219586127066
39.230984707042566
39.22974689099859
39.22850615427167
39.227262512568345
39.22601598072464
39.224766572398835
39.2235142998028
39.222259173449736
39.22100120192942
39.21974039168264
39.21847674683183
39.21721026905319
39.215940957448844
39.2146688084585
39.21339381584436
39.212115970679555
39.210835261371464
39.20955167373703
39.20826519112598
39.20697579455156
39.20568346287362
39.20438817301437
39.20308990020305
39.201788618254945
39.20048429985112
39.199176916871174
39.19786644072166
39.19655284268404
39.19523609425783
39.19391616750823
39.19259303543766
39.19126667229817
39.18993705390558
39.188604157972016
39.18726796436094
39.18592845532955
39.1845856157512
39.183239433297715
39.18188989858125
39.18053700523275
39.17918074999351
39.17782113272917
39.17645815639371
39.17509182699543
39.173722153489756
39.17234914766214
39.17097282396379
39.16959319931824
39.16821029292174
39.16682412600493
39.16543472157317
39.1640421041418
39.16264629946521
39.16124733425361
39.159845235866484
39.158440032038804
39.1570317506108
39.15562041922713
39.15420606507914
39.1527887146684
39.151368393573605
39.14994512621685
39.148518935701595
39.14708984364971
39.14565787005929
39.144223033205755
39.14278534957515
39.14134483383283
39.13990149880323
39.138455355505585
39.137006413217236
39.135554679554986
39.1341001605976
39.13264286102194
39.13118278426808
39.129719932741764
39.128254307979034
39.12678591087782
39.125314741918956
39.12384080137096
39.12236408951108
39.120884606835226
39.11940235428063
39.117917333389194
39.11642954648388
39.11493899685514
39.11344568886926
39.11194962808144
39.11045082134736
39.10894927687886
39.10744500429088
39.10593801461186
39.104428320296755
39.10291593519656
39.10140087449641
39.09988315466671
39.09836279336535
39.09683980933798
39.0953142222967
39.093786052779805
39.09225532201951
39.09072205178106
39.08918626419115
39.08764798157762
39.08610722630688
39.084564020599295
39.08301838635593
39.081470345010395
39.07991991736869
39.078367123442916
39.07681198232919
39.07525451209599
39.07369472966548
39.07213265071812
39.07056828965244
39.06900165953071
39.067432772039204
39.06586163751166
39.06428826494412
39.06271266204347
39.06113483528486
39.05955479001114
39.05797253054266
39.05638806028548
39.05480138188086
39.053212497355986
39.05162140827549
39.05002811592083
39.04843262144097
39.04683492603898
39.04523503114694
39.04363293856608
39.042028650651226
39.04042217045211
39.03881350186091
39.03720264972855
39.035589619989864
39.033974419784016
39.032357057513316
39.03073754292523
39.029115887195886
39.02749210294249
39.02586620425642
39.02423820672329
39.02260812741741
39.020975984875314
39.0193417990503
39.017705591293605
39.016067384264474
39.014427201851994
39.01278506910151
39.01114101210393
39.00949505788043
39.00784723426391
39.006197569769675
39.004546093463205
39.00289283481087
39.00123782354155
38.99958108950464
38.997922662524154
38.996262572260335
38.99460084806713
38.9929375188786
38.99127261308264
38.98960615840532
38.98793818182061
38.98626870947618
38.98459776660689
38.98292537747688
38.98125156535965
38.979576352497276
38.97789976007792
38.97622180825173
38.97454251614824
38.97286190188806
38.97117998261551
38.9694967745656
38.96781229310754
38.96612655278424
38.964439567406096
38.96275135011242
38.96106191342901
38.95937126935283
38.95767942942354
38.95598640480273
38.95429220632738
38.95259684459399
38.95090033003224
38.949202672947216
38.94750388359827
38.94580397224944
38.94410294921875
38.94240082493435
38.94069760996039
38.93899331504806
38.93728795116366
38.93558152949852
38.933874061501925
38.932165558876605
38.93045603359534
38.928745497878396
38.927033964181646
38.92532144519877
38.923607953801614
38.921893503015326
38.92017810599275
38.918461775953034
38.91674452613087
38.91502636972704
38.91330731986459
38.91158738952319
38.90986659147002
38.90814493824873
38.90642244210393
38.904699114934544
38.90297496827923
38.90125001328174
38.899524260664734
38.89779772071595
38.89607040330303
38.89434231787294
38.89261347345283
38.890883878696286
38.88915354191549
38.88742247110221
38.88569067399381
38.883958158119036
38.88222493085967
38.8804909995014
38.87875637130656
38.877021053580364
38.87528505372873
38.87354837932833
38.87181103819161
38.8700730384293
38.86833438851025
38.866595097318225
38.864855174206554
38.8631146290566
38.86137347231303
38.85963171503216
38.857889368923615
38.85614644638559
38.85440296051859
38.85265892516463
38.85091435492376
38.849169265155
38.84742367198195
38.84567759230189
38.84393104377316
38.84218404477932
38.84043661442717
38.838688772515056
38.83694053947326
38.835191936326474
38.833442984654404
38.831693706513626
38.829944124371366
38.82819426104137
38.826444139621564
38.82469378338754
38.82294321572673
38.82119246007763
38.8194415398215
38.817690478214296
38.81593929832206
38.81418802294636
38.81243667455038
38.81068527520128
38.808933846531886
38.8071824096772
38.80543098522474
38.80367959321015
38.80192825306276
38.80017698358856
38.79842580295845
38.79667472869131
38.7949237776502
38.793172966022766
38.791422309335445
38.78967182244698
38.78792151953578
38.7861714141194
38.784421519043136
38.782671846481854
38.78092240794838
38.77917321427664
38.777424275643206
38.77567560154991
38.77392720082649
38.77217908163927
38.77043125147961
38.76868371717823
38.766936484894785
38.76518956013091
38.76344294774582
38.76169665194034
38.759950676289584
38.75820502375648
38.75645969669074
38.75471469686142
38.75297002546938
38.75122568317982
38.749481670126976
38.74773798594483
38.74599462981227
38.744251600445196
38.742508896136385
38.74076651479583
38.739024453955864
38.73728271080197
38.73554128219979
38.73380016473032
38.73205935469861
38.73031884815302
38.72857864094229
38.726838728707506
38.72509910690538
38.723359770854465
38.721620715740706
38.719881936634934
38.71814342851291
38.71640518628597
38.714667204802545
38.71292947884281
38.711192003158544
38.70945477245479
38.707717781369524
38.705981024485794
38.70424449630173
38.70250819119534
38.70077210338121
38.699036226875265
38.69730055543032
38.6955650824416
38.69382980089121
38.692094703247385
38.69035978133843
38.688625026253234
38.68689042821051
38.68515597641611
38.68342165890816
38.681687462409585
38.67995337216839
38.67821937176203
38.676485442937775
38.674751565429496
38.67301771675192
38.671283872016886
38.669550003733654
38.66781608160639
38.66608207231946
38.664347939329765
38.66261364265885
38.66087913865259
38.65914437976418
38.65740931432045
38.65567388626879
38.65393803493054
38.652201694733115
38.65046479493967
38.64872725935364
38.646989006016035
38.645249946892854
38.64350998752737
38.641769026692494
38.64002695601149
38.63828365956115
38.63653901345544
38.634792885394795
38.63304513420597
38.63129560934112
38.62954415035576
38.627790586356184
38.62603473541504
38.624276403958184
38.62251538610338
38.62075146298372
38.61898440201503
38.617213956123585
38.615439862939866
38.6136618439392
38.61187960353094
38.61009282809457
38.60830118497834
38.60650432140823
38.60470186335839
38.60289341435485
38.601078554200406
38.59925683762499
38.59742779288406
38.595590920250615
38.59374569042894
38.59189154290401
38.590027884176585
38.588154085902836
38.586269482966806
38.58437337142028
38.582465006318884
38.580543599482105
38.57860831709908
38.57665827722792
38.57469254720272
38.57271014085815
38.57071001565714
38.56869106968581
38.56665213844574
38.56459199156352
38.562509329282925
38.56040277878537
38.55827089038143
38.556112133402294
38.55392489200738
38.551707460640486
38.549458039353226
38.547174728784995
38.54485552492164
38.54249831351542
38.54010086420124
38.5376608242492
38.53517571194336
38.532642909546624
38.53005965582275
38.527423038077124
38.52472998367745
38.52197725101023
38.51916141982432
38.516278880907244
38.51332582503194
38.51029823110384
38.50719185342881
38.50400220801381
38.50072455780534
38.497353896769795
38.49388493272705
38.490312068869486
38.48662938393646
38.482830611071066
38.478909115458144
38.47485787092078
38.470669435715884
38.466335927793544
38.46184899973738
38.45719981346966
38.45237901459318
38.44737670601613
38.442182420376206
38.43678509088956
38.43117302069018
38.42533385142562
38.41925453249382
38.41292129225148
38.40631961125727
38.39943419526024
38.392248943734984
38.38474691126497
38.37691026669268
38.3687202671945
38.36015727168274
38.35120080466069
38.34182964157375
38.33202184608884
38.32175471091916
38.31100468246731
38.29974752156675
38.28795897080237
38.275615884989634
38.26269720931375
38.24918375655927
38.235055995879925
38.220290399341515
38.20485690085371
38.18872071970455
38.17184805647395
38.15420886974645
38.1357726576568
38.11650452077935
38.0963683145068
38.075321003822246
38.05329861255179
38.03022800209909
38.006034807780004
37.98064047659746
37.95395803489895
37.9258868788874
37.896329618794276
37.86523305212569
37.83257545795023
37.79833450318079
37.76250920168352
37.72514556167362
37.686278030315165
37.645915592311226
37.604137784109554
37.56106405623341
37.516727838775026
37.47123277579586
37.42461076957521
37.37694278658483
37.3284851166144
37.279691749804364
37.231204669338226
37.18362947883697
37.13734549424824
37.09236672675496
37.048394485950745
37.00494695833785
36.961676343626486
36.91872336862006
36.87670473578798
36.83654035855618
36.79914464669775
36.76535215604184
36.73626495085607
36.71465538838831
36.704824416398374
