0.8489850454865758
0.8489850453524981
0.8489850449463372
0.8489850442738183
0.8489850433356008
0.8489850421313402
0.8489850406598755
0.8489850389198522
0.8489850369094903
0.848985034627191
0.8489850320713376
0.848985029239939
0.8489850261313373
0.8489850227440866
0.848985019076848
0.8489850151287706
0.8489850108993596
0.8489850063885248
0.8489850015961933
0.848984996523011
0.8489849911701443
0.8489849855383792
0.8489849796292653
0.8489849734440978
0.8489849669832438
0.8489849602475003
0.8489849532361687
0.8489849459477581
0.8489849383801112
0.8489849305281371
0.8489849223865433
0.8489849139475311
0.8489849051995338
0.8489848961310735
0.8489848867261148
0.8489848769658475
0.8489848668309858
0.8489848562963577
0.848984845335882
0.8489848339215634
0.8489848220200954
0.8489848095990508
0.8489847966226449
0.848984783051731
0.8489847688496864
0.848984753975757
0.8489847383892498
0.848984722053609
0.8489847049282163
0.848984686977228
0.8489846681705734
0.8489846484757062
0.8489846278728403
0.8489846063482285
0.8489845838927365
0.848984560520378
0.8489845362524604
0.8489845111311873
0.8489844852325495
0.8489844586473037
0.848984431512445
0.8489844040066051
0.848984376342012
0.8489843488005719
0.848984321705335
0.8489842954316587
0.8489842704174732
0.8489842471166024
0.848984226012221
0.848984207578725
0.8489841922333154
0.848984180329105
0.848984172095964
0.8489841676194738
0.8489841668333374
0.8489841695060376
0.8489841752634333
0.8489841836178127
0.8489841940067316
0.8489842058281987
0.8489842184937485
0.8489842314526439
0.8489842442108809
0.8489842563695466
0.8489842676012733
0.8489842776672185
0.8489842864193314
0.8489842937604986
0.8489842996702909
0.8489843041748497
0.8489843073302625
0.8489843092383416
0.848984310013011
0.8489843097850341
0.8489843086990239
0.8489843068988225
0.8489843045281323
0.8489843017273878
0.8489842986291947
0.8489842953482115
0.8489842919952296
0.8489842886584877
0.8489842854062344
0.8489842823026985
0.8489842793789633
0.8489842766583611
0.8489842741536383
0.8489842718519592
0.8489842697418587
0.8489842678000032
0.8489842659939866
0.8489842642925952
0.848984262664396
0.848984261073544
0.8489842594900762
0.8489842578924
0.8489842562502113
0.8489842545512475
0.8489842527841446
0.8489842509329494
0.8489842490023577
0.8489842469879237
0.8489842448900127
0.8489842427188659
0.8489842404774908
0.8489842381726309
0.8489842358147298
0.8489842334101304
0.848984230961899
0.8489842284815948
0.8489842259689072
0.8489842234246969
0.8489842208571614
0.8489842182571432
0.8489842156263286
0.8489842129638545
0.8489842102592785
0.8489842075110926
0.8489842047137283
0.84898420185789
0.8489841989381635
0.8489841959510059
0.8489841928846963
0.8489841897366645
0.848984186502909
0.8489841831724928
0.848984179746502
0.84898417621825
0.8489841725824572
0.8489841688386963
0.8489841649833701
0.8489841610127888
0.8489841569263906
0.8489841527249794
0.8489841484023744
0.8489841439632614
0.8489841394058313
0.8489841347270536
0.8489841299322641
0.8489841250184507
0.8489841199887429
0.8489841148437524
0.8489841095833984
0.8489841042065848
0.8489840987154897
0.8489840930989316
0.848984087342965
0.8489840814277929
0.8489840752883879
0.8489840687959189
0.8489840616272979
0.8489840528447948
0.8489840391948841
0.8489840053806255
0.8489838347632771
0.8489792975806147
0.8376542652746239
0.7810044607707971
0.6945725175580737
0.5920388743530909
0.4924074709852576
0.4627186149559512
0.46557117419380073
0.4683601036153982
0.4706441280819985
0.47263190097275176
0.474415390062376
0.4760347812323737
0.4775154930129206
0.4788781534419261
0.4801379550241501
0.4813044447516471
0.4823858968221118
0.48339622212916183
0.4843591242006725
0.4853051995241537
0.4862620000749353
0.4872417383123179
0.48823362753811994
0.48920633624120846
0.49012032223663676
0.49094308184999474
0.49165842104631646
0.492266338021425
0.4927771598639848
0.49320524028869894
0.4935649125209364
0.49386870281649387
0.4941269015886769
0.4943477457825928
0.49453777250426234
0.49470216468797534
0.49484506664280714
0.4949698146391387
0.4950791193919797
0.4951752089998923
0.49525991446537226
0.4953347630202255
0.4954010383357858
0.4954598177764678
0.49551201826311586
0.4955584173694591
0.4955996802811327
0.49563637945289385
0.49566900880763626
0.49569799296883343
0.4957237050076008
0.4957464659383473
0.4957665588668045
0.49578422932316624
0.49579969584664013
0.4958131522127789
0.49582476529330477
0.4958346925113368
0.4958430639216031
0.4958500027877022
0.4958556222202582
0.49586001383014366
0.49586327692148324
0.4958654854935373
0.4958667207410867
0.4958670523332641
0.4958665423881395
0.4958652574835507
0.49586324757365463
0.49586057170677056
0.49585728037445237
0.495853419540098
0.49584904135734903
0.49584418436716277
0.49583889607440823
0.49583321761346644
0.49582718277442833
0.49582083668848537
0.4958142069116105
0.4958073300051916
0.4958002376811361
0.4957929506845639
0.4957855037220765
0.4957779056441732
0.4957701841601996
0.49576234887003545
0.49575440750152433
0.4957463787263544
0.4957382531252994
0.4957300512424051
0.49572175887749187
0.49571338571610746
0.49570493270689986
0.49569639105220903
0.4956877793366032
0.49567907961532687
0.49567031463190275
0.4956614791479499
0.4956525837747154
0.4956436424210637
0.495634653019
0.49562563969847384
0.4956165994684641
0.49560755334275686
0.4955985005650373
0.495589452707895
0.4955804142819317
0.4955713875279682
0.4955623792976766
0.4955533795874583
0.4955443988188739
0.4955354160501885
0.4955264453209304
0.4955174613603763
0.4955084702873145
0.49549945601830647
0.49549040439312814
0.49548131903572584
0.4954721683785572
0.49546296749096913
0.49545367984275696
0.49544430930763983
0.49543484133184906
0.4954252570509603
0.4954155555294309
0.4954057159046996
0.49539573179346075
0.49538558794566495
0.4953752756063665
0.49536478405651024
0.49535409202692265
0.4953432106634812
0.4953321122176316
0.49532079349649577
0.4953092695011661
0.4952975081351644
0.4952855373090936
0.4952733494368648
0.49526095571221024
0.4952483804420823
0.49523564363360534
0.4952227796861126
0.4952098162421544
0.49519680588312176
0.49518380061102424
0.49517087582752484
0.49515809609251876
0.4951455678338541
0.4951333625198733
0.495121608864483
0.4951104311186896
0.49509996296993886
0.495090365650671
0.495081790078458
0.49507441945715774
0.49506842101380344
0.4950640091188062
0.495061363291953
0.49506070090466264
0.495062196210107
0.4950660467090907
0.49507240948712056
0.49508145914170626
0.49509331059058825
0.49510805737881236
0.49512576731266605
0.49514643834275335
0.49517004821704774
0.4951965211564972
0.4952257386606412
0.4952575137979976
0.49529164655969893
0.495327883359655
0.495365942314279
0.495405537389306
0.4954463500714621
0.49548806403112233
0.49553037019451507
0.49557296942002294
0.495615570651475
0.4956579290119981
0.4956998046576161
0.4957409864403588
0.4957812946300962
0.4958205879386395
0.4958587300961563
0.49589562438936363
0.4959311955159173
0.4959653685090989
0.49599810837867975
0.49602937692122984
0.4960591388241276
0.4960873772106981
0.49611408512790706
0.4961392282985355
0.4961627939682324
0.4961847609801982
0.4962050979250563
0.49622375901584576
0.4962407107190765
0.49625589115856616
0.4962692390577133
0.49628067735726566
0.4962901200480685
0.49629747746239905
0.4963026621015738
0.4963055613577622
0.49630607633945933
0.4963041239393065
0.49629961820376545
0.49629247278498795
0.49628265826377793
0.4962701509649578
0.4962549390208658
0.49623706387072325
0.4962165939904657
0.49619358733602564
0.4961681348876198
0.4961403187501492
0.49611016271721153
0.4960776310634532
0.49604256257304874
0.49600460613869773
0.49596313634140277
0.4959171951658281
0.49586558065968667
0.49580703953650324
0.4957409723111004
0.4956682863574619
0.49559177987073527
0.4955157020107501
0.49544414679259047
0.4953798965572804
0.49532396102418697
0.49527601543636984
0.49523509601361987
0.4952000183144303
0.4951697079203427
0.49514332025172614
0.495120182266849
0.49509978752122397
0.4950818026961146
0.4950660041432496
0.49505221697158175
0.4950403099944392
0.4950302031092114
0.4950218306708639
0.4950151201951649
0.4950100250007091
0.4950065239194605
0.495004569494829
0.4950040994797122
0.49500508026036644
0.4950074843141211
0.495011257324012
0.49501632916650823
0.4950226568886427
0.4950302293962052
0.49503900099529335
0.4950488798078444
0.49505979481632506
0.495071718668646
0.49508461126409326
0.495098389752247
0.4951129684773868
0.49512828914994567
0.49514430812909793
0.4951609590963628
0.49517815069297055
0.4951958155833286
0.4952139076594584
0.4952323660943761
0.49525112012906214
0.49527010366353386
0.49528926492480885
0.49530855761361764
0.4953279270598051
0.4953473186804058
0.49536668887276813
0.49538600345534745
0.49540522291118044
0.4954243095639133
0.4954432346230374
0.4954619677131887
0.4954804835675052
0.49549876054339437
0.49551677731741456
0.4955345191026198
0.4955519697423453
0.49556911507264145
0.495585947857927
0.4956024607782842
0.4956186441950555
0.495634490411404
0.4956499959386438
0.49566515860276655
0.4956799786056744
0.495694456180346
0.49570858958859415
0.4957223798732215
0.4957358294513927
0.49574894161114114
0.49576171972097155
0.4957741650181476
0.4957862801318872
0.49579807010816707
0.49580954098982427
0.4958206961919155
0.4958315397043773
0.4958420763350515
0.4958523099324022
0.49586224717705635
0.49587189191266834
0.495881248423396
0.4958903230157672
0.49589911769597955
0.49590763679736916
0.4959158884380956
0.49592387810974037
0.49593160830542693
0.4959390818717027
0.49594630415139906
0.49595327867718275
0.49596001069253887
0.49596650509953155
0.4959727613269921
0.49597878656777195
0.49598458648811106
0.4959901601691779
0.4959955157801393
0.49600065560390905
0.49600557804589507
0.4960102918182587
0.496014799294034
0.4960190998253359
0.4960232003790196
0.496027101032605
0.49603080112466863
0.4960343110691505
0.49603763112938437
0.4960407588668646
0.4960437034664072
0.49604646235520505
0.496049033642294
0.4960514282250474
0.4960536445027395
0.49605568201558964
0.4960575492148477
0.4960592395883291
0.496060752928576
0.49606210006135426
0.4960632771123007
0.496064286068056
0.49606513392056095
0.49606581138433237
0.49606632013646745
0.49606667021675854
0.49606685609206586
0.4960668807681883
0.49606674998612377
0.49606645414399236
0.4960659980324787
0.4960653892144691
0.4960646180091052
0.4960636889713758
0.4960626072585912
0.49606136362982806
0.49605996438730615
0.49605841346954654
0.49605670221596815
0.4960548380626516
0.4960528234388581
0.49605064703407703
0.49604831748173844
0.4960458387542718
0.49604320007364894
0.4960404074782963
0.49603745881436406
0.49603434900345744
0.49603109117241695
0.49602767947510473
0.49602410482860126
0.4960203772069543
0.49601649378669177
0.4960124478535077
0.49600824696655726
0.49600389000209194
0.49599937200249383
0.495994700445774
0.4959898680544904
0.4959848665531334
0.4959797091474796
0.4959743928201043
0.4959689111281129
0.49596327166894993
0.49595746787326994
0.4959514963065518
0.4959453640431646
0.49593906550767425
0.49593259891830965
0.4959259708879632
0.49591917639626726
0.49591221079969
0.4959050781436482
0.49589777652041495
0.4958903058052099
0.4958826684148992
0.49587485766832506
0.49586687249907024
0.495858719054192
0.49585039466213765
0.4958418954009794
0.4958332240338762
0.49582437973408083
0.49581535994127746
0.4958061672973701
0.49579680005588467
0.4957872587234867
0.4957775484693574
0.4957676621834097
0.4957575961663456
0.49574735655213786
0.49573694264926665
0.4957263547500837
0.4957155949998243
0.49570466226241006
0.49569355850240066
0.4956822856698294
0.49567084027939873
0.49565922201992807
0.49564743637322894
0.4956354837561993
0.49562336415746394
0.49561108286440075
0.49559863899790324
0.4955860324282962
0.4955732665437132
0.4955603402082269
0.49554725996890364
0.4955340323602122
0.4955206550545475
0.49550713018870246
0.4954934613025333
0.49547965149893797
0.4954657070685571
0.4954516306582864
0.49543742476984015
0.49542309561430226
0.49540864798501627
0.49539408519975914
0.49537941327256396
0.4953646387473201
0.49534976442573786
0.4953347945424168
0.4953197375416063
0.495304602107598
0.49528939554218276
0.49527412186216957
0.4952587855222692
0.4952433963985735
0.4952279649992752
0.4952124973433477
0.49519699910686027
0.495181478815665
0.4951659446738506
0.4951504060619116
0.49513487330205014
0.49511935550876973
0.49510386022293473
0.4950883945848228
0.4950729689409974
0.4950575956995254
0.49504228668158906
0.49502704949747645
0.49501188987924855
0.4949968195865854
0.494981850881823
0.4949669938754793
0.49495225876637644
0.49493765199864637
0.4949231845976994
0.4949088696061328
0.49489471444260474
0.4948807290131567
0.49486692346155886
0.49485330783459763
0.4948398931903744
0.49482668780389427
0.4948137008543783
0.4948009398074158
0.4947884113521416
0.4947761257243539
0.49476409282885836
0.49475232087960536
0.49474081480876386
0.49472958034051423
0.49471862777304815
0.49470796522041527
0.494697598888591
0.4946875331342465
0.4946777698215626
0.4946683151882659
0.49465917750457866
0.49465036243852645
0.4946418733056101
0.4946337116102413
0.4946258797030302
0.4946183829400726
0.49461122563758253
0.4946044091323513
0.49459793364584
0.4945917982867422
0.49458600482481424
0.49458055769967907
0.49457545654948265
0.49457069818635696
0.49456628191392205
0.4945622081667145
0.494558477320576
0.4945550874747764
0.49455203389363395
0.4945493129532645
0.49454692385308474
0.49454486526948493
0.4945431342931119
0.49454172525354373
0.49454063091896266
0.4945398496597063
0.4945393810795829
0.49453921880654916
0.49453935693219214
0.4945397890225508
0.4945405102415225
0.4945415185236687
0.4945428083787867
0.49454437349375546
0.49454620643197483
0.49454829936344485
0.4945506483795586
0.49455324831088715
0.4945560918782296
0.4945591710062768
0.4945624804119927
0.49456601837917047
0.49456977811718505
0.4945737500612178
0.49457792605030265
0.49458229926216046
0.49458686699744125
0.49459162393918904
0.4945965608971538
0.4946016702069419
0.49460694549689277
0.4946123832671072
0.494617980455324
0.49462372802862975
0.49462961660498195
0.494635641087825
0.49464179715343626
0.49464808234310814
0.4946544913441634
0.49466101402213325
0.49466764535088176
0.4946743823068072
0.4946812208376875
0.4946881557942734
0.49469517801908686
0.49470228245539827
0.49470946815777495
0.4947167312086478
0.49472406626319193
0.4947314664396914
0.49473892681519505
0.4947464457086385
0.4947540201982211
0.4947616457514388
0.4947693151005729
0.4947770247138936
0.49478477496369483
0.4947925635686932
0.4948003865113534
0.49480823652807226
0.49481610857642444
0.4948240036209112
0.4948319199142795
0.4948398528140588
0.49484779819168223
0.4948557537145316
0.4948637203130041
0.49487169524575897
0.4948796732142078
0.494887651375391
0.49489562848510893
0.49490360382144066
0.4949115758307251
0.4949195412758705
0.49492749582596585
0.49493543888406305
0.4949433734105325
0.4949512967371987
0.49495920247640507
0.49496708778241116
0.49497495356813115
0.49498280180147963
0.49499063060084963
0.49499843486215994
0.49500621314598553
0.4950139669254063
0.49502169731029905
0.4950294026924439
0.49503707827588145
0.49504472179789966
0.49505233654247077
0.495059923557416
0.4950674784545673
0.4950749983718073
0.495082483812236
0.4950899361765545
0.4950973560035071
0.4951047407265562
0.49511208717418
0.49511939526704013
0.4951266686337671
0.49513390807903457
0.49514111015592843
0.4951482710678836
0.49515539080339155
0.4951624728980486
0.49516951738389803
0.4951765203501563
0.4951834819485799
0.49519040354645677
0.4951972862748821
0.4952041293563847
0.49521092742919187
0.4952176809944149
0.4952243950735445
0.4952310709810145
0.4952377068213943
0.4952442986543581
0.49525084590525253
0.49525735269066556
0.49526382033569183
0.49527024533077085
0.49527662422200447
0.49528295923161686
0.49528925439589844
0.49529550840531533
0.4953017187744154
0.4953078848487188
0.49531400892015726
0.4953200931189659
0.4953261351660363
0.495332132422352
0.4953380852782876
0.495343996276366
0.49534986882347737
0.49535570127110407
0.49536148812667097
0.4953672307652316
0.4953729336762789
0.49537859730755696
0.49538421987362447
0.49538979845043146
0.495395333417005
0.4954008296944252
0.4954062875043512
0.4954117030698847
0.49541707611679486
0.49542240976293395
0.495427706440533
0.49543296253552327
0.4954381753560941
0.49544334819357644
0.4954484854984192
0.495453587584624
0.49545864922367244
0.49546366777838907
0.4954686455805203
0.4954735856782987
0.4954784904584039
0.4954833581561725
0.4954881865808587
0.49549297869183995
0.4954977345564549
0.49550245229336576
0.4955071321582508
0.49551177441465677
0.49551638221753724
0.49552095769136884
0.4955254978126474
0.49552999884648685
0.4955344631663858
0.495538896312444
0.49554329722880186
0.49554766110063064
0.4955519871285245
0.49555627958700826
0.49556054119008536
0.4955647686881579
0.4955689599395889
0.4955731181060847
0.4955772463779317
0.4955813440855351
0.495585408683413
0.4955894388744981
0.4955934369762221
0.4955974053632954
0.4956013426122256
0.4956052471704163
0.4956091198743717
0.4956129626870252
0.4956167770987506
0.49562056050594255
0.49562430873614854
0.4956280262220189
0.49563171935390665
0.49563538572057897
0.4956390200695487
0.4956426218208267
0.4956461945035101
0.49564974002578194
0.49565325793673176
0.4956567473835663
0.49566020914514725
0.495663646425244
0.4956670565933923
0.4956704342515903
0.49567378097084774
0.49567710210674487
0.49568039942795333
0.49568366982177753
0.49568691076804555
0.49569012375299715
0.495693310565966
0.4956964722597831
0.49569960908407285
0.4957027201023583
0.4957058067624598
0.4957088712768509
0.4957119103378809
0.4957149197514535
0.49571790218692413
0.49572086254156855
0.49572380102008023
0.495726714839845
0.4957296022824806
0.495732465117178
0.4957353064550351
0.49573812477313584
0.49574091508574564
0.4957436794895533
0.49574642494094195
0.495749150015568
0.4957518494788344
0.49575452458179303
0.49575717849069484
0.4957598125221835
0.49576242499515405
0.4957650131557785
0.4957675784126134
0.4957701228188669
0.49577264585540753
0.4957751467034541
0.4957776256142835
0.49578008433550314
0.4957825232677347
0.495784940747326
0.4957873347220935
0.4957897059855611
0.4957920588244832
0.4957943940549408
0.49579670771019146
0.4957989994500565
0.4958012732196106
0.49580353016531337
0.4958057656824116
0.4958079769886435
0.4958101680501385
0.4958123420557042
0.49581449915547743
0.49581663731677694
0.4958187535018031
0.49582084848799324
0.49582292427113794
0.4958249794131545
0.49582701498620685
0.49582903645906307
0.495831043293656
0.495833029259286
0.49583499245073964
0.49583693490529374
0.4958388592406653
0.49584076840516217
0.49584266206150207
0.49584453675398016
0.49584639288731436
0.49584823217564217
0.4958500516324413
0.495851849222867
0.4958536281886798
0.4958553917462987
0.4958571401528512
0.4958588710418536
0.495860581407726
0.4958622728253203
0.49586394825796554
0.495865606241462
0.4958672458952028
0.49586886989053336
0.49587047926789674
0.49587207116392124
0.4958736436939744
0.495875198184635
0.49587673713751357
0.4958782613529887
0.49587976780211157
0.4958812542950626
0.49588272398864125
0.49588417936521945
0.4958856174233259
0.4958870362869552
0.4958884385984675
0.49588982624613154
0.49589119856278707
0.49589255383876324
0.4958938913815436
0.49589521322112073
0.4958965222351565
0.4958978174022546
0.4958990950074906
0.4959003556801676
0.4959016008406737
0.49590282813171066
0.4959040387382186
0.49590523735335873
0.49590642425759834
0.49590759594259154
0.49590874965259024
0.49590988519280416
0.49591100484286615
0.495912111739598
0.4959132056277466
0.4959142857348121
0.4959153540144919
0.4959164089050432
0.49591744596155085
0.49591846540524426
0.49591947025117905
0.4959204635891569
0.495921448481621
0.4959224230717181
0.49592338076078063
0.4959243198673985
0.49592524361639406
0.49592615246230715
0.4959270495613215
0.49592793887453446
0.4959288181880731
0.4959296838643912
0.4959305322004775
0.4959313632841535
0.4959321832509412
0.4959329951038947
0.49593379679552885
0.4959345862162308
0.49593536452074377
0.4959361301148602
0.4959368785389506
0.495937613643913
0.4959383390406014
0.4959390543827503
0.4959397608289609
0.4959404547508411
0.495941134629645
0.4959418027243228
0.49594245692965294
0.4959430984809582
0.4959437321640181
0.4959443595025037
0.4959449766114476
0.4959455787352545
0.4959461674680148
0.4959467439634975
0.49594731015489635
0.49594786950484615
0.49594841927118505
0.4959489593411009
0.4959494886933364
0.4959500026233834
0.495950504234486
0.4959509980159099
0.4959514849765709
0.49595196341524095
0.4959524305473832
0.4959528859679436
0.4959533268876336
0.4959537551048956
0.495954176530198
0.4959545913465912
0.4959549994562704
0.49595539787036574
0.49595578270855334
0.4959561552891543
0.49595651622411774
0.49595686956882107
0.4959572189812831
0.4959575602897848
0.495957890089433
0.49595820821797854
0.4959585165617216
0.49595881566990546
0.49595910623683664
0.4959593927240108
0.49595967274337155
0.4959599409204596
0.4959601969803019
0.49596044182366306
0.49596067946962274
0.4959609112493784
0.49596113585836327
0.49596135471573594
0.495961565012387
0.49596176362862077
0.49596195085996375
0.4959621302916681
0.4959623071215459
0.4959624790211455
0.49596264357281356
0.495962799905307
0.49596294462125834
0.49596308098914516
0.4959632120679651
0.49596333832416545
0.49596346144302444
0.4959635773520122
0.49596368351078
0.49596378098199456
0.4959638701060139
0.4959639536393872
0.4959640327113985
0.4959641081607191
0.4959641783561338
0.4959642382952741
0.4959642890678304
0.4959643318853236
0.49596436848453185
0.49596440374347345
0.4959644355124254
0.49596446111972037
0.4959644790235404
0.49596448559652145
0.49596448363948875
0.4959644773285452
0.4959644686534192
0.4959644573486007
0.49596443906723986
0.4959644106473959
0.4959643700270576
0.49596431935298807
0.4959642639841863
0.49596420425293586
0.49596413937586165
0.4959640664446996
0.4959639804846706
0.4959638819323139
0.4959637732922525
0.49596365733802156
0.4959635368361073
0.4959634101210225
0.49596327187539113
0.49596311707174556
0.4959629452923627
0.4959627600105825
0.4959625646154114
0.4959623613389775
0.4959621471853754
0.49596191678350104
0.4959616671869075
0.49596139612641416
0.4959611053438668
0.4959607993464819
0.49596047838948754
0.49596013926482485
0.49595977607840025
0.4959593837716242
0.49595896294963215
0.4959585169124131
0.4959580479900066
0.49595755428221383
0.49595703191533236
0.4959564774253879
0.4959558849682115
0.49595525264772505
0.4959545825825423
0.4959538744089483
0.49595312856194407
0.4959523406989471
0.4959515010098002
0.4959506069916882
0.4959496589436284
0.4959486552711702
0.4959475966829186
0.49594647900858096
0.4959452952961296
0.49594404095041844
0.4959427081624948
0.49594129262573633
0.4959397957409501
0.49593821588010845
0.4959365473777419
0.49593478060974294
0.49593290601165946
0.4959309190627929
0.49592881720049503
0.4959265970855111
0.4959242508861101
0.4959217683655493
0.49591914217114874
0.4959163615128733
0.49591341414794593
0.495910295132232
0.49590699878783945
0.4959035148910346
0.4958998303334974
0.49589592392870285
0.4958917796732582
0.49588739216917216
0.4958827478936294
0.49587782953854226
0.4958726221464545
0.4958671033180135
0.49586124887326266
0.4958550338156864
0.4958484301867475
0.49584141821968025
0.4958339766429698
0.4958260694777006
0.49581765364633923
0.4958086834965003
0.49579911318925435
0.49578889528541853
0.4957779716574039
0.4957662729803691
0.4957537170096144
0.4957402024844556
0.4957256003285993
0.4957097390142073
0.4956923789411213
0.49567311167176076
0.49582223344377624
0.4959695326810548
0.4961153813298029
0.49625997753802575
0.4964034589003025
0.4965459205056907
0.49668742641431063
0.49682803370444806
0.4969677844537372
0.4971067062618239
0.49724482146913385
0.49738214598214253
0.4975187019672354
0.4976545143477911
0.49778958995164907
0.49792392663077534
0.4980575290258557
0.4981904033624753
0.49832255484574817
0.498453987437669
0.4985847002301224
0.498714693333101
0.4988439666700248
0.4989725095074875
0.49910031495115476
0.4992273889078121
0.49935373412908357
0.49947934646132175
0.4996042158088356
0.49972832625015606
0.49985167420883925
0.4999742626054149
0.5000960837987122
0.5002171306313151
0.5003374001189715
0.5004568830386721
0.5005755662315952
0.5006934361656245
0.5008104882217962
0.5009267266222609
0.5010421469033668
0.5011567293422258
0.5012704596071506
0.5013833330083801
0.5014953416895735
0.5016064786683577
0.5017167363620934
0.5018261045314177
0.5019345753889672
0.5020421279821449
0.5021487465365613
0.5022544338701385
0.5023591835419919
0.502462980756003
0.5025658057820064
0.50266764078833
0.5027684836359043
0.502868319988817
0.502967130913785
0.5030649115781441
0.5031616413713013
0.5032572966105481
0.5033518581752693
0.5034453175714656
0.5035376678900361
0.5036288714345168
0.5037189087374464
0.5038077643021861
0.5038954210175176
0.5039818587265587
0.5040670553762447
0.5041509996921577
0.5042336568515295
0.5043150197607135
0.5043950881194983
0.5044738481161164
0.5045512800062913
0.5046273992157789
0.5047022194732553
0.5047757595909044
0.504848060907756
0.5049191702340687
0.5049891579660555
0.505058150756784
0.5051262613606005
0.5051936605011855
0.5052605670121455
0.505327245217245
0.5053940365068763
0.5054613194339668
0.5055295889883956
0.5055994446087002
0.5056715508254421
0.505746727378181
0.5058259198559679
0.5059102378182021
0.5060009224596785
0.5060994206816009
0.5062073222371893
0.5063264245431917
0.506458712978626
0.5066063153539195
0.5067715712510711
0.5069569404882479
0.507165000517016
0.5073984354148189
0.5076599995319737
0.5079524708792678
0.5082786147904139
0.5086411520706937
0.5090427398059839
0.5094859393936433
0.5099732222521595
0.5105069595015594
0.5110894345203236
0.5117228718084263
0.5124094687058203
0.5131514345933688
0.5139510340862232
0.5148106335628471
0.5157327442645406
0.5167200598445667
0.5177754866102544
0.5189021674093871
0.5201034952914704
0.5213831161984065
0.5227449233129786
0.5241930412954365
0.5257318014919672
0.5273657092957236
0.529099402985721
0.5309376059619928
0.5328850657610774
0.5349464672561861
0.5371262787853283
0.5394284263197537
0.5418555203686344
0.5444068786881799
0.547073033467962
0.5498183248842301
0.5525535013684673
0.5650487602879481
0.6049835185663466
0.6302861768471979
0.6350102172499974
0.631293492365125
0.6271353105568878
0.6227937824961879
0.6182880529421265
0.6136219403544765
0.6087966394147529
0.603812924205598
0.6000163290843329
0.6000163290843329
0.6000163290843329
0.6000163290843329
0.6000163290843329
0.6000163290843329
0.6000163290843329
0.6000163290843329
0.6000163290843329
0.6000163290843329
0.6000163290843329
0.6000163290843329
0.6000163290843329
0.6000163290843329
0.6000163290843329
0.6000163290843329
0.6000163290843329
0.6000163290843329
0.6000163290843329
0.6000163290843329
0.6000163290843329
0.6000163290843329
0.6000163290843329
19.977586811161785
19.977623237223913
19.977732517234166
19.977914682744522
19.978169773559767
19.978497839718823
19.978898942556512
19.979373155773253
19.97992056596861
19.98054127379521
19.981235394223972
19.982003056644356
19.982844406005658
19.98375960308607
19.98474882463364
19.985812263756433
19.986950129663008
19.988162647239154
19.989450056185163
19.99081261094723
19.992250579437357
19.99376424097684
19.995353885740244
19.997019812141865
19.99876232451644
20.000581732504546
20.00247834776535
20.004452482960417
20.006504450367288
20.0086345590101
20.010843116067882
20.013130424472056
20.015496782159065
20.017942485842106
20.020467828661268
20.02307310363417
20.025758607960793
20.028524642129625
20.031371517650488
20.034299560792004
20.037309115197022
20.04040055212432
20.043574273441397
20.04683071841147
20.050170374919055
20.053593782097394
20.05710154112483
20.06069432566266
20.064372884107524
20.068138053760038
20.07199076911522
20.07593206444388
20.079963091243258
20.084085120962452
20.088299551210152
20.092607922797047
20.097011914835136
20.10151335636922
20.106114234247105
20.1108166803423
20.11562298335407
20.120535574609224
20.125557006462508
20.13068994566183
20.135937123472026
20.141301296412404
20.14678519473098
20.152391432323817
20.158122437288128
20.16398035167495
20.16996692552428
20.1760834364289
20.182330597542293
20.188708502555723
20.19521660380447
20.201853716778718
20.20861807160571
20.21550739662037
20.222519028162527
20.229650035021407
20.236897357724423
20.244257931867796
20.251728800511646
20.259307219852026
20.266990717125953
20.27477714816174
20.28266472816513
20.29065202468243
20.298737967519966
20.306921819751693
20.315203145704437
20.323581789409413
20.33205782455039
20.340631520706896
20.349303306596983
20.35807372720539
20.3669434105381
20.375913035540005
20.38498330106759
20.394154896802394
20.40342848922998
20.412804695194687
20.422284070784876
20.431867110015954
20.441554225547854
20.451345759743642
20.461241985147584
20.471243101287744
20.481349254527945
20.491560539978362
20.50187701116831
20.51229869508331
20.522825600386174
20.533457723709088
20.544195063024667
20.55503762471505
20.56598542085686
20.57703848618036
20.58819687210878
20.599460645577814
20.610829901529517
20.62230474787876
20.633885310541064
20.64557173448833
20.657364172794296
20.66926278946379
20.68126775742533
20.693379251754763
20.70559744858138
20.717922528715363
20.73035466634495
20.742894034596628
20.755540807536917
20.768295148239986
20.78115722229382
20.794127192040992
20.807205213426663
20.82039144599641
20.833686047763976
20.84708917577357
20.86060099147464
20.874221660281314
20.887951348004044
20.90179022938848
20.915738484271532
20.92979629557543
20.94396385840366
20.95824137173348
20.972629042293775
20.987127087391038
21.001735730593243
21.016455203418968
21.03128574784968
21.046227613980662
21.061281057490998
21.076446347141403
21.091723757231758
21.107113569267977
21.122616076535955
21.138231576817578
21.153960376149332
21.16980278922198
21.185759136314715
21.201829743210993
21.218014944580265
21.23431507820485
21.25073048663943
21.267261520712108
21.28390853090159
21.300671873518137
21.317551909479178
21.334548999365
21.351663508219787
21.368895808947155
21.38624631314756
21.40371707911497
21.425834927470873
21.466201934045635
21.518601464426588
21.57757004864819
21.63693153400717
21.689256735976112
21.735288617280247
21.778033841750105
21.81873948414254
21.858034712451342
21.896294097832346
21.933765151630574
21.970621125991116
22.006988673466264
22.04296417029025
22.078623062952293
22.11402497835289
22.149217166334765
22.184238132368428
22.2191218690915
22.253901608625668
22.288611440196917
22.323284801910063
22.357950344614974
22.392627264238502
22.4273228927353
22.462034157446237
22.49675194942935
22.531465810915805
22.566167024883473
22.600849828384142
22.635511411973713
22.67015141124837
22.7047713068119
22.739373900030788
22.773962905036687
22.80854264906226
22.843117856336196
22.87769349423421
22.912274661706025
22.94686650600871
22.98147416824084
23.01610274453447
23.050757254374215
23.085442621068545
23.120163655642006
23.154925048653684
23.189731367087607
23.224587050808985
23.259496412182276
23.29446363867736
23.329492793405695
23.364587819565102
23.399752543840656
23.434990683736235
23.47030585172509
23.50570155858986
23.541181222075753
23.57674816578632
23.612405630043803
23.64815677512395
23.68400468180375
23.71995236385031
23.756002764419193
23.792158767196447
23.828423196684888
23.864798819935825
23.901288353357206
23.9378944607305
23.97461976274907
24.011466836171053
24.048438214950153
24.0855363962633
24.12276383660459
24.160122959296274
24.19761615206779
24.235245767664235
24.27301413196808
24.31092353710204
24.348976249873076
24.3871745103339
24.425520529602935
24.464016499045535
24.502664580841724
24.541466921816536
24.580425647090813
24.619542864563332
24.65882067399625
24.698261155802346
24.737866389128158
24.777638438098755
24.81757936751999
24.85769124085727
24.8979761169924
24.938436065240275
24.979073148626018
25.019889445228767
25.06088703404641
25.10206800180081
25.14343444583707
25.184988464943125
25.226732174513742
25.26866769292382
25.310797151550023
25.353122688897695
25.395646454541563
25.438370611322622
25.481297332881585
25.524428807293692
25.567767234200602
25.611314832129306
25.655073833152667
25.69904649430314
25.743235085939393
25.787641906665986
25.83226927279688
25.877119528493267
25.922195048087534
25.96749822965791
26.01303151080792
26.058797350746087
26.104798253112634
26.15103675405171
26.197515428804476
26.244236896821192
26.291203818233573
26.338418900062837
26.3858848962481
26.433604612631566
26.481580905980074
26.52981669008212
26.57831494375684
26.62707869899193
26.676111058931102
26.725415198180915
26.77499435126654
26.8248518392786
26.87499105471051
26.925415472671475
26.976128656788877
27.027134253629974
27.078435997658968
27.13003771292593
27.18194332126396
27.234156842699708
27.286682397026816
27.33952419934216
27.392686569243438
27.446173918379245
27.499990772453067
27.554141758045315
27.608631603065472
27.663465137091293
27.71864728368328
27.77418306732684
27.830077604010786
27.886336111609793
27.942963891237238
27.99996633358903
28.057348903179964
28.11511714951974
28.173276698430467
28.231833258770184
28.290792608802604
28.35016060347431
28.409943177973386
28.470146346145224
28.530776218778783
28.591839008367938
28.653341038533455
28.71528875257385
28.77768874441463
28.84054776920145
28.903872770228237
28.967670905665262
29.031949566691846
29.096716413401136
29.161979404912877
29.22774683383221
29.294027359857697
29.360830055372713
29.42816442493563
29.496040450154535
29.564468635284765
29.633460051031577
29.70302636255002
29.773179886868732
29.843933635470986
29.915301355667676
29.987297600802723
30.059937770595127
30.133238180771748
30.20721614722031
30.28189005996433
30.357279451586034
30.433405129227786
30.510289274246585
30.587955569512662
30.666429347449352
30.745737775638613
30.825910023013773
30.906977485269916
30.988974018042548
31.07193621756886
31.155903723314314
31.24091954244761
31.327030378051873
31.414287017005396
31.50274467816641
31.592463292822647
31.68350770474909
31.77594770592352
31.8698576462659
31.965315504789086
32.06240106203996
32.161192568580525
32.26176118575869
32.364162149919416
32.468421037860224
32.5745132418617
32.68233448076149
32.79166038262083
32.90209491010469
33.01301152628553
33.12349877826196
33.23233292329833
33.33800981340756
33.438866105513824
33.53329360272852
33.62000200844268
33.69824194599074
33.76790149938798
33.8294459930642
33.883743203444176
33.93185372315827
33.97485423932676
34.01372423672771
34.0492938138657
34.08223458820888
34.11307420893613
34.14222013619476
34.16998438037103
34.19660538157504
34.22226584397373
34.24710662293842
34.27123725730054
34.29474383899426
34.317694845992115
34.340145450640094
34.36214070268581
34.38371788639194
34.40490827085538
34.42573841639095
34.44623115728577
34.46640634592316
34.48628141939023
34.50587183450071
34.5251914063377
34.54425257512379
34.563066616580095
34.581643808488174
34.59999356603993
34.618124554157845
34.63604477987695
34.653761667787435
34.67128212341787
34.688612588066036
34.70575908637764
34.72272726659637
34.739522434469926
34.756149583800735
34.77261342411593
34.788918404479425
34.8050687342662
34.821068401820746
34.83692119163738
34.85263069995246
34.86820034839048
34.883633396212076
34.89893295170847
34.91410198280019
34.92914332632102
34.944059696485844
34.958853692955046
34.9735278080216
34.98808443331155
35.00252586596418
35.0168543141911
35.031071902607565
35.04518067697965
35.05918260856228
35.07307959831344
35.08687348076705
35.10056602755053
35.11415895070671
35.12765390584633
35.14105249497954
35.154356269170314
35.16756673100704
35.1806853368311
35.19371349892689
35.206652587565756
35.2195039329236
35.23226882691337
35.244948524835834
35.257544246951994
35.270057179982466
35.2824884785371
35.29483926637815
35.307110637682676
35.3193036582552
35.331419366564255
35.34345877485408
35.35542287009535
35.36731261494368
35.37912894878809
35.39087278852266
35.40254502928458
35.414146545253914
35.425678190359406
35.4371407989564
35.44853518654359
35.459862150504414
35.47112247064027
35.48231690977894
35.4934462144199
35.50451111507651
35.515512326919435
35.526450550294186
35.53732647091926
35.548140760575166
35.55889407751276
35.56958706664078
35.58022036018386
35.590794578030504
35.601310327963766
35.61176820627169
35.622168797972435
35.63251267690999
35.642800406351924
35.65303253913943
35.66320961776509
35.67333217506933
35.68340073436441
35.69341580950179
35.70337790545432
35.713287518271244
35.72314513520253
35.732951235387986
35.74270628981021
35.75241076142212
35.762065105677294
35.77166977032226
35.78122519559655
35.790731814830245
35.80019005428047
35.80960033337345
35.81896306519508
35.82827865618086
35.83754750632626
35.84677000965925
35.85594655397252
35.86507752117335
35.87416328771928
35.883204224248416
35.89220069596224
35.901153063028836
35.910061680222185
35.91892689726911
35.927749059087354
35.93652850544848
35.945265571451884
35.953960587769835
35.96261388017637
35.97122577000368
35.979796574423695
35.9883266061437
35.9968161739974
36.00526558295892
36.01367513377374
36.02204512350912
36.030375845405246
36.03866758870027
36.04692063931353
36.05513527980967
36.06331178911776
36.07145044288032
36.07955151337556
36.08761526934564
36.095641976613706
36.1036318980596
36.111585293351965
36.119502419500016
36.12738353060674
36.13522887763192
36.143038708957526
36.15081327024472
36.15855280439705
36.16625755197809
36.17392775096693
36.1815636366865
36.18916544217309
36.19673339807204
36.2042677325827
36.21176867173639
36.21923643930763
36.22667125686783
36.23407334405408
36.241442918377516
36.2487801952142
36.25608538810975
36.263358708713575
36.27060036669967
36.27781056998214
36.28498952472419
36.29213743526179
36.29925450426584
36.30634093263024
36.31339691946195
36.32042266241593
36.32741835754087
36.33438419928645
36.341320380857496
36.34822709409772
36.355104529391454
36.36195287566836
36.368772320293616
36.37556304920581
36.382325247136166
36.38905909754993
36.395764782619835
36.402442483372845
36.40909237958135
36.41571464968865
36.42230947104807
36.42887701987694
36.43541747125316
36.44193099924659
36.44841777672684
36.45487797548674
36.461311766385826
36.46771931913127
36.474100802325495
36.48045638354967
36.48678622937351
36.4930905054802
36.499369376575366
36.505623006270625
36.51185155715694
36.51805519083659
36.524234067890696
36.530388347946655
36.53651818974614
36.54262375102578
36.54870518844788
36.55476265768416
36.56079631347289
36.56680630962485
36.572792798898206
36.57875593288434
36.584695862116966
36.59061273620195
36.59650670375213
36.60237791231011
36.608226508376646
36.61405263738468
36.61985644370907
36.62563807071328
36.63139766074685
36.63713535508315
36.64285129382518
36.64854561591663
36.65421845921115
36.65986996053249
36.665500255584824
36.67110947878922
36.67669776338073
36.682265241492004
36.68781204413161
36.69333830119595
36.698844141308484
36.704329691874854
36.70979507922614
36.71524042848449
36.72066586354395
36.72607150704743
36.731457480365734
36.73682390366147
36.74217089585527
36.74749857466624
36.752807056577815
36.758096456760754
36.763366889157915
36.76861846655587
36.77385130060245
36.77906550168544
36.784261178843444
36.78943843989199
36.794597391469814
36.7997381390516
36.804860786924365
36.809965438052906
36.815052194131354
36.82012115570861
36.8251724222092
36.83020609188978
36.83522226174691
36.840221027476666
36.845202483579804
36.85016672343853
36.85511383929419
36.860043922211894
36.86495706200212
36.869853347256274
36.87473286551261
36.879595703226585
36.88444194564453
36.88927167680739
36.89408497961164
36.89888193589197
36.90366262643713
36.908427130900904
36.913175527767066
36.917907894439516
36.922624307315566
36.92732484182229
36.93200957236196
36.93667857218513
36.941331913506254
36.945969667673786
36.95059190508361
36.95519869514692
36.95979010623523
36.964366205690936
36.96892705996991
36.97347273464179
36.97800329438931
36.98251880298234
36.98701932323693
36.99150491714999
36.995975645960776
37.000431570109825
37.00487274914456
37.00929924173461
37.01371110585964
37.01810839881028
37.02249117709791
37.02685949643169
37.0312134117186
37.03555297723545
37.03987824668693
37.04418927310488
37.04848610881968
37.05276880546049
37.05703741406368
37.0612919852146
37.065532568943105
37.06975921461307
37.0739719709834
37.07817088625698
37.08235600820163
37.08652738416017
37.0906850608545
37.094829084430614
37.098959500577
37.10307635458978
37.107179691401406
37.11126955541644
37.115345990513866
37.11940904021333
37.123458747700276
37.12749515580872
37.131518306938986
37.1355282430512
37.13952500578604
37.143508636517026
37.14747917633669
37.15143666590897
37.15538114546953
37.15931265498393
37.16323123418724
37.16713692258267
37.171029759312034
37.17490978311044
37.178777032505344
37.182631545863565
37.18647336130238
37.190302516618566
37.19411904928403
37.197922996598265
37.20171439568633
37.205493283389494
37.20925969625848
37.213013670599004
37.21675524253026
37.220484448008804
37.22420132277991
37.227905902265974
37.231598221603456
37.23527831584855
37.238946219954926
37.24260196860813
37.246245596207686
37.24987713697395
37.25349662507825
37.25710409460169
37.260699579352895
37.264283112853796
37.26785472844903
37.27141445940503
37.27496233890258
37.27849839988338
37.28202267499189
37.28553519675725
37.2890359976862
37.29252511012557
37.29600256619353
37.29946839783775
37.302922636916634
37.306365315248904
37.30979646452939
37.313216116212274
37.316624301512434
37.32002105156747
37.32340639749041
37.326780370263016
37.33014300062477
37.333494319109604
37.336834356219946
37.340163142436204
37.34348070804573
37.34678708316055
37.350082297784745
37.353366381885735
37.356639365401435
37.35990127801891
37.36315214918781
37.36639200831213
37.36962088477849
37.37283880787783
37.376045806649245
37.379241909869734
37.38242714624946
37.385601544510315
37.38876513326242
37.39191794087185
37.39505999555725
37.398191325552546
37.40131195902797
37.40442192397194
37.407521248155504
37.41060995923553
37.41368808486902
37.41675565263255
37.41981268990979
37.422859223881865
37.42589528159288
37.42892089008211
37.43193607633343
37.43494086706135
37.4379352887903
37.440919368036035
37.4438931312937
37.44685660495393
37.44980981517836
37.45275278791539
37.45568554911434
37.45860812472198
37.46152054049753
37.464422821986155
37.467314994644504
37.470197083950964
37.473069115239
37.47593111355292
37.47878310375289
37.48162511068076
37.48445715919657
37.48727927400523
37.49009147959471
37.492893800344376
37.49568626060516
37.498468884739914
37.50124169699408
37.50400472138222
37.50675798184611
37.50950150227453
37.512235306416216
37.51495941787531
37.51767386008925
37.520378656443604
37.523073830349155
37.52575940509389
37.528435403662336
37.53110184882804
37.533758763408265
37.536406170245726
37.5390440920366
37.54167255130131
37.54429157053291
37.54690117226119
37.54950137886722
37.55209221247386
37.554673695083295
37.557245848711
37.55980869533833
37.56236225677916
37.564906554603326
37.56744161023866
37.56996744509263
37.57248408050151
37.57499153766332
37.57748983765659
37.57997900149742
37.58245905019794
37.58493000466121
37.58739188548729
37.58984471314429
37.59228850822141
37.59472329130449
37.59714908275574
37.599565902699744
37.601973771167415
37.604372708140026
37.606762733482945
37.60914386687165
37.611516127814
37.61387953582981
37.616234110386294
37.618579870695484
37.6209168357897
37.62324502473256
37.62556445666901
37.62787515067861
37.63017712566289
37.632470400396436
37.634754993559966
37.63703092372936
37.63929820934035
37.64155686862178
37.64380691967283
37.646048380605876
37.64828126943601
37.650505603906055
37.652721401597695
37.654928680125394
37.657127457124076
37.65931775011776
37.66149957643334
37.6636729532648
37.665837897819074
37.66799442728448
37.67014255863378
37.6722823087029
37.67441369445112
37.676536732828446
37.678651440492665
37.68075783384694
37.682855929176604
37.68494574273765
37.68702729073609
37.68910058924264
37.69116565426181
37.69322250178086
37.69527114767423
37.69731160762062
37.69934389712886
37.7013680316828
37.70338402681965
37.705391898064306
37.70739166078326
37.7093833301347
37.71136692120653
37.71334244904988
37.71530992851925
37.71726937426789
37.71922080092061
37.72116422313222
37.72309965540234
37.72502711196275
37.726946606942214
37.728858154468504
37.73076176865804
37.732657463562504
37.734545253098815
37.736425151132686
37.7382971715391
37.74016132802355
37.74201763405585
37.743866103092365
37.74570674861685
37.747539583954016
37.74936462223813
37.75118187647147
37.752991359551544
37.75479308433274
37.75658706359361
37.758373309906574
37.76015183571078
37.76192265344741
37.76368577546399
37.765441213941735
37.76718898102411
37.76892908889582
37.77066154972742
37.77238637554757
37.77410357812575
37.775813169079434
37.77751516002977
37.779209562526674
37.780896387982246
37.78257564775078
37.784247353128194
37.78591151519502
37.78756814475037
37.78921725242781
37.79085884887392
37.792492944838045
37.79411955103738
37.79573867799344
37.7973503360949
37.79895453568841
37.80055128699844
37.80214060013019
37.803722485220604
37.805296952460466
37.80686401195942
37.80842367359455
37.809975946955745
37.81152084144609
37.81305836644362
37.81458853131395
37.81611134531076
37.8176268176422
37.819134957497056
37.82063577383534
37.82212927536283
37.8236154707442
37.825094368690294
37.82656597790127
37.82803030698687
37.829487364403896
37.83093715845128
37.83237969733146
37.833814989113044
37.83524304171691
37.836663863058526
37.83807746102953
37.83948384332452
37.84088301743482
37.84227499069919
37.8436597703313
37.84503736351777
37.84640777741848
37.8477710190242
37.84912709519273
37.85047601276625
37.851817778434224
37.85315239873324
37.85447988018979
37.855800229283915
37.8571134524003
37.85841955571322
37.85971854513116
37.861010426469576
37.86229520551364
37.86357288792758
37.86484347920227
37.86610698475344
37.86736340987765
37.86861275955529
37.869855038640395
37.8710902520109
37.87231840450841
37.87353950095473
37.874753545956445
37.87596054385774
37.87716049891169
37.87835341521436
37.87953929672788
37.88071814741007
37.881889971210406
37.883054771893995
37.88421255288365
37.88536331740705
37.88650706856006
37.88764380935229
37.88877354281662
37.88989627183366
37.89101199912679
37.892120727250564
37.89322245839953
37.894317194566874
37.89540493772915
37.89648568986731
37.897559452886775
37.898626228507034
37.899686018286445
37.90073882351218
37.90178464525395
37.90282348456862
37.90385534244122
37.904880219786214
37.905898117352436
37.90690903557861
37.90791297467054
37.908909934592785
37.90989991520799
37.9108829164324
37.91185893806159
37.91282797963646
37.91379004041138
37.9147451193935
37.9156932153358
37.91663432676611
37.91756845223787
37.91849559027134
37.91941573913338
37.92032889680622
37.9212350609604
37.922134229096756
37.923026398602865
37.923911566705726
37.92478973056697
37.925660887166806
37.926525033151606
37.9273821647964
37.928232278095585
37.92907536897356
37.929911433195166
37.930740466309096
37.93156246363957
37.932377420085814
37.93318533020434
37.93398618829658
37.934779988436375
37.935566724615754
37.9363463905976
37.93711897979424
37.937884485278104
37.93864289975017
37.939394215652136
37.940138425216915
37.94087552052284
37.94160549344571
37.94232833543959
37.94304403758852
37.943752590619766
37.944453984915754
37.94514821069566
37.94583525789727
37.94651511608937
37.94718777446572
37.9478532217052
37.948511446074335
37.94916243553679
37.94980617777696
37.9504426601975
37.951071869791306
37.95169379309421
37.95230841614286
37.952915724552255
37.953515703696134
37.95410833865395
37.95469361417064
37.95527151456657
37.95584202355143
37.956405124260016
37.95696079932661
37.95750903094056
37.958049800931974
37.95858309072604
37.959108881200564
37.95962715256449
37.960137884381474
37.96064105567908
37.96113664500367
37.96162463045669
37.962104989571074
37.962577699157954
37.963042735295296
37.96350007329898
37.963949687808764
37.964391552963875
37.964825642403774
37.96525192918574
37.96567038562301
37.96608098313001
37.96648369225738
37.96687848279801
37.96726532386325
37.967644183815025
37.96801503016021
37.96837782950261
37.96873254738391
37.969079148290376
37.969417595815955
37.96974785267791
37.970069880789396
37.97038364115089
37.97068909350964
37.9709861963576
37.97127490701854
37.97155518162603
37.97182697524083
37.97209024177137
37.97234493380349
37.97259100258229
37.97282839783916
37.973057067744016
37.97327695908423
37.97348801729951
37.97369018637946
37.97388340861264
37.974067624332136
37.974242771876206
37.97440878764198
37.974565606145525
37.97471315991057
37.974851379244456
37.97498019214595
37.9750995240601
37.975209297580335
37.97530943250722
37.97539984588741
37.97548045189846
37.9755511616724
37.975611882732494
37.97566251860042
37.97570296885889
37.97573312885143
37.97575288927735
37.9757621359541
37.9757607492503
37.9757486034637
37.97572556615118
37.97569149723249
37.97564624837998
37.97558966228271
37.97552157120643
37.97544179515203
37.97535013963896
37.97524639302637
37.9751303230941
37.9750016720685
37.97486014928947
37.97470541980037
37.97453708474818
37.97435464246721
37.974157395562266
37.973944204246706
37.97371246096832
37.97346480852872
37.973202422494275
37.97292603432375
37.97263617762336
37.97233328125424
37.97201770837182
37.97168977587417
37.971349766115615
37.97099793436839
37.97063451373413
37.97025971871811
37.96987374774564
37.9694767854282
37.969069004639714
37.96865056761872
37.968221626582064
37.96778232453213
37.96733279599729
37.966873167640244
37.966403558777735
37.965924081654784
37.965434841752575
37.9649359380978
37.96442746306596
37.96390950229198
37.963382135076266
37.96284543461993
37.96229946801752
37.961744296063
37.96117997276773
37.960606545353876
37.960024054471795
37.9594325339217
37.9588320104123
37.95822250352227
37.9576040253966
37.95697658028916
37.95634016403045
37.95569476378623
37.95504035815592
37.95437691692575
37.95370440019196
37.95302275772233
37.952331928682305
37.95163184113791
37.95092241158126
37.95020354441899
37.94947513133027
37.94873705079168
37.94798916697128
37.94723132876901
37.94646336963394
37.94568510691125
37.944896340883844
37.94409685361248
37.94328640777338
37.942464746206056
37.9416315908274
37.94078664131333
37.93992957450995
37.93906004307692
37.938177674012614
37.9372820673077
37.93637279503976
37.93544940064743
37.934511396629695
37.9335582632161
37.93258944710562
37.93160436007196
37.930602377389135
37.92958283607635
37.92854503377345
37.92748822605406
37.92641162511939
37.92531439865054
37.92419566772156
37.923054503936186
37.92188992819555
37.9207009086507
37.91948635819641
37.9182451324828
37.9169760269547
37.91567777365017
37.91434904005219
37.912988424388914
37.91159445219069
37.91016557258526
37.90870015343457
37.907196477373475
37.90565273413867
37.90406701478674
37.90243730603543
37.90076147981387
37.899037285069625
37.89726233743841
37.89543410989914
37.893549919620746
37.89160691846926
37.88960207935353
37.88753218586337
37.88539382394982
37.88318337097946
37.88089699377961
37.87853064704323
37.87608007600649
37.873540826698004
37.87090826469074
37.86817760218157
37.86534393451387
37.86240228717187
37.859347675876116
37.85617517836765
37.85288002229345
37.84945768833903
37.84590403024084
37.842215414927985
37.83838888527371
37.834422348832064
37.83031479662122
37.82606655758803
37.82167959508267
37.81715785242523
37.812507655424156
37.80773818132363
37.802862004257435
37.79789572716314
37.792860710370555
37.78778390493571
37.782698793969125
37.77764643487693
37.77267657350835
37.76784875937699
37.76323330511514
37.758911758987196
37.754976185850126
37.75152570320562
37.74865659267107
37.74643612310542
37.7448277713344
37.743426138682004
37.74018509910205
37.73634915326185
37.74783287716224
37.78615114026166
37.837764011790675
37.8906358569197
37.9441379755081
37.997970853964986
38.051786553115804
38.1051309988994
38.15734805314116
38.20722505227153
38.25351992973503
38.29736688288717
38.33910476467062
38.37886932618749
38.41671580603501
38.4526583224148
38.48668719143032
38.51877814631431
38.548897886094004
38.57700771524448
38.603066088202276
38.627030475566244
38.64885878226686
38.66851045359236
38.68594735269459
38.70113446318691
38.71404045447477
38.72463813274529
38.7329047833609
38.73882224488797
38.74237777157444
38.743565038728086
