0.8487489582899633
0.8487489578494958
0.8487489565664113
0.8487489544407503
0.8487489514737553
0.8487489476738981
0.8487489430452773
0.848748937595354
0.8487489313352703
0.8487489242700116
0.8487489164121941
0.848748907772089
0.8487488983563343
0.8487488881806909
0.8487488772530296
0.8487488655847573
0.8487488531921215
0.8487488400834552
0.848748826278762
0.8487488117955616
0.8487487966513804
0.8487487808779971
0.8487487645028621
0.8487487475658975
0.8487487301180949
0.8487487122154952
0.848748693936245
0.8487486753700587
0.8487486566270691
0.8487486378439983
0.8487486191781483
0.8487486008174696
0.8487485829774742
0.8487485659000701
0.8487485498502475
0.848748535111521
0.8487485219711974
0.8487485107077226
0.8487485015778653
0.848748494785684
0.8487484904776057
0.8487484887168446
0.8487484894696784
0.8487484926173002
0.8487484979381651
0.848748505138637
0.8487485138673758
0.8487485237250803
0.8487485343110225
0.8487485452237867
0.8487485560878762
0.8487485665735948
0.8487485763910386
0.8487485853084161
0.8487485931447938
0.8487485997666462
0.8487486050881841
0.8487486090611609
0.8487486116685727
0.8487486129211967
0.8487486128512994
0.8487486115017584
0.848748608933345
0.8487486052114984
0.8487486004038942
0.8487485945904528
0.8487485878430168
0.8487485802401512
0.8487485718617315
0.8487485627790529
0.8487485530731304
0.8487485428166183
0.8487485320813367
0.8487485209435323
0.8487485094707966
0.8487484977328423
0.8487484857990457
0.8487484737320384
0.8487484615939164
0.848748449447115
0.8487484373434812
0.8487484253365051
0.8487484134759126
0.848748401798498
0.8487483903468687
0.8487483791490489
0.848748368227431
0.8487483576057622
0.8487483472893647
0.8487483372860901
0.848748327596647
0.8487483182093402
0.8487483091137392
0.8487483002928784
0.8487482917212029
0.8487482833758692
0.8487482752292602
0.8487482672460767
0.8487482594004875
0.8487482516580741
0.8487482439844224
0.848748236355082
0.8487482287340158
0.8487482210954336
0.848748213417168
0.8487482056699062
0.8487481978369152
0.8487481899002085
0.8487481818390858
0.8487481736433672
0.8487481653018244
0.8487481568014972
0.8487481481374536
0.8487481393023691
0.8487481302894411
0.8487481210955575
0.8487481117035067
0.8487481020996736
0.8487480922532813
0.848748082085308
0.848748071432209
0.8487480598691747
0.8487480461178804
0.8487480254630818
0.848747973649988
0.848747669350459
0.8487179474413512
0.8261251789572396
0.7620045886942757
0.671064440012976
0.5673208208658972
0.47626735227408945
0.4627388803417587
0.4661029917978493
0.4688699365816859
0.47110732310646997
0.47304115202010755
0.47478160029958105
0.4763780241058555
0.4778540474676936
0.47922307608396164
0.4804921307244185
0.4816634450327284
0.4827402486667319
0.4837357696835537
0.48467876416065864
0.4856095470364646
0.48656632741986355
0.48756777609121865
0.4886011294926172
0.4896242993408694
0.49058324417208443
0.49143459996118655
0.49215902560399594
0.49275963508555864
0.49325221350124704
0.49365610237886276
0.49398920653192047
0.4942663084604448
0.4944990085820812
0.4946962376578216
0.49486483872216763
0.4950100836439478
0.4951360726991558
0.49524601875160107
0.49534246279840505
0.49542744164848457
0.4955026132230932
0.4955693318897224
0.49562871496563005
0.49568169251632016
0.49572904916386556
0.49577145593065164
0.4958094826693637
0.49584361597812754
0.4958742765366105
0.4959018368028951
0.4959266202869025
0.49594890690832566
0.4959689461450389
0.49598695561891243
0.49600313183062866
0.49601765083662125
0.49603066406948504
0.4960423081219664
0.4960527086303826
0.4960619770555142
0.49607021152600733
0.4960775029628112
0.4960839321390254
0.4960895730999564
0.4960944915277968
0.4960987494714274
0.49610240192628696
0.4961054983869858
0.49610808599760287
0.4961102073428261
0.4961118999781374
0.4961132000064543
0.49611414054760905
0.4961147506750437
0.4961150585178337
0.49611508869180704
0.49611486536327537
0.4961144097455977
0.4961137398345823
0.49611287554566075
0.4961118339001298
0.4961106286068711
0.496109274766673
0.49610778521530247
0.49610617293586856
0.4961044513348103
0.4961026300469041
0.49610072088557633
0.49609873525928816
0.4960966829395621
0.49609457587634875
0.49609242364924655
0.49609023718218176
0.49608802783506933
0.4960858058195854
0.4960835823174739
0.4960813681678556
0.49607917470743945
0.49607701307621255
0.4960748947599367
0.49607282905719097
0.496070828851331
0.49606890332819104
0.4960670641809179
0.4960653200334681
0.49606368127432265
0.4960621560975176
0.4960607530912915
0.49605948012146645
0.49605834293122303
0.49605734957109887
0.49605650398389367
0.4960558104567105
0.49605527386916026
0.49605489344789194
0.4960546747623625
0.49605461398236533
0.4960547142103726
0.4960549721126696
0.49605538213964706
0.4960559470724093
0.4960566533688457
0.49605750259018494
0.4960584853293308
0.4960595883934064
0.49606081333971364
0.496062139243843
0.49606356543156227
0.496065078446858
0.4960666620540072
0.4960683160744377
0.4960700158776876
0.4960717612917994
0.4960735355266223
0.49607532463603043
0.49607712583409636
0.49607891699723733
0.4960806988497157
0.4960824530087729
0.49608417363921326
0.4960858530994183
0.4960874791584819
0.4960890521634298
0.49609055653760414
0.4960919954793053
0.4960933568986549
0.4960946421757373
0.4960958467013937
0.4960969633520935
0.4960980017869403
0.4960989450711759
0.4960998086979253
0.4961005807389518
0.49610126784805303
0.49610187296410585
0.496102387701796
0.4961028290985351
0.49610318376443435
0.49610346461677196
0.49610366965592484
0.49610379651150344
0.4961038559660632
0.4961038399834168
0.49610375403687484
0.4961035980073833
0.4961033690852473
0.4961030691920079
0.49610269455753336
0.4961022449211645
0.4961017159388621
0.49610110457575635
0.4961004057864515
0.4960996149885173
0.49609872434555585
0.4960977292982409
0.49609661912246106
0.4960953876026964
0.49609402399291064
0.49609251844372
0.49609085731163266
0.49608903524771925
0.49608703025498335
0.4960848385557724
0.4960824390758111
0.4960798172713361
0.49607696289130127
0.49607384843746166
0.4960704673138102
0.49606679086652744
0.4960628050027706
0.4960584859044867
0.49605381036009194
0.4960487585273572
0.4960433026121668
0.4960374151591361
0.49603107607966135
0.4960242449887479
0.4960169023212746
0.4960090095560419
0.4960005294863649
0.49599143268990603
0.49598167716919195
0.49597121746285483
0.4959600212690783
0.49594803362730633
0.4959352015752287
0.49592149036051186
0.4959068252902274
0.4958911616119278
0.4958744350077795
0.49585657484902307
0.49583751413699845
0.4958171833810169
0.4957955011685151
0.49577239376946725
0.49574777701717726
0.49572156035321946
0.49569366541961696
0.4956640044909313
0.4956324969240769
0.4955990669863395
0.49556364727466795
0.4955261781182251
0.4954866401077586
0.4954450176384411
0.4954013566186253
0.4953557421524406
0.4953083191714199
0.49525931301286774
0.49520905921956415
0.4951579714848892
0.49510660329457135
0.49505562699369976
0.4950058097060045
0.49495802972816777
0.494913237377296
0.494872363387841
0.4948363155109172
0.49480588330832476
0.4947816567858882
0.49476401311422225
0.4947530563136187
0.4947486087344171
0.494750253183013
0.49475734376656627
0.4947690624378483
0.49478453216249835
0.49480280676111976
0.49482297778649664
0.49484424616042494
0.49486590841685035
0.49488738330500176
0.4949082853873253
0.4949283457470584
0.49494744086052445
0.494965578687561
0.49498284959877653
0.4949994300190202
0.4950155720575718
0.49503152154493557
0.49504758003213034
0.4950640828939132
0.4950813315562223
0.495099651622343
0.4951194006212285
0.49514091653570996
0.4951645711530408
0.4951907467361332
0.49521979721837744
0.4952520899381654
0.4952878815550216
0.4953272682931363
0.49537010461758413
0.495415754638091
0.495463013391829
0.49551007938873604
0.49555469339971125
0.4955946942646466
0.4956286206084198
0.49565618816265633
0.4956782302854338
0.49569615762033964
0.4957114011432034
0.4957251176358586
0.49573803479879763
0.4957506035636726
0.4957630717961604
0.4957755272489873
0.49578798943096375
0.4958004294145837
0.4958127831339786
0.49582497444225754
0.49583693418074437
0.4958486071106232
0.49585992019515407
0.49587080785115556
0.49588125324742643
0.4958912371929393
0.4959007185627429
0.495909685980999
0.4959181651794664
0.49592617628359464
0.49593370655360386
0.4959407494815372
0.4959473526662899
0.49595357539352447
0.49595941936934185
0.4959648666401058
0.49596995502815894
0.4959747454460162
0.4959792618081061
0.49598349536996145
0.4959874492911132
0.4959911686334831
0.49599469117488254
0.4959980102800546
0.49600112419322906
0.49600405752020627
0.4960068339773136
0.49600946266225865
0.49601194238993934
0.4960142816663428
0.49601650122059365
0.49601860925986496
0.4960206017923511
0.49602248608393934
0.49602427655393516
0.49602597984766184
0.49602759777974664
0.49602913237341845
0.4960305913548363
0.49603198355692085
0.49603330999740103
0.4960345697334279
0.49603576758751705
0.49603691161957514
0.49603800434547435
0.4960390456621436
0.4960400390149853
0.49604098647811046
0.49604189193923864
0.49604275863901837
0.4960435858302467
0.49604437574651605
0.49604513087393304
0.496045853240616
0.496046544897119
0.49604720850548517
0.4960478442418447
0.4960484498359464
0.49604902895357555
0.49604958383175624
0.49605011443487623
0.49605062495850105
0.49605111305867833
0.4960515785228053
0.4960520269053385
0.4960524553690318
0.496052864411617
0.4960532578808868
0.49605363171415195
0.49605398787786803
0.49605433217175965
0.49605466105306345
0.49605497378461105
0.49605527327706783
0.49605555536932205
0.4960558238066555
0.49605608252836214
0.4960563259672419
0.4960565574873512
0.4960567783531601
0.49605698441893625
0.49605718103952573
0.4960573681561968
0.4960575411005323
0.49605770336328675
0.4960578537164773
0.49605799041480275
0.4960581198550349
0.4960582409460752
0.49605834902460005
0.4960584470962637
0.4960585339299789
0.49605860868497753
0.49605867540720383
0.49605873199396144
0.4960587777673045
0.49605881546795577
0.49605884167236275
0.4960588563641143
0.49605886268879484
0.496058858565289
0.4960588422551819
0.49605881544121644
0.4960587768827095
0.4960587263421027
0.4960586680935328
0.49605860034188454
0.4960585201472883
0.49605842856033144
0.4960583250211783
0.4960582098924858
0.4960580847117704
0.4960579472419909
0.49605779638013997
0.4960576343466866
0.49605746048020977
0.49605727366974467
0.49605707567675367
0.4960568654912136
0.49605664033150243
0.4960564010546247
0.4960561490554814
0.4960558846668429
0.49605561025053746
0.4960553228272361
0.49605501781542427
0.4960546987064866
0.49605436706179584
0.49605402197509924
0.496053663942792
0.4960532888674497
0.4960528961151666
0.4960524905412912
0.4960520719262466
0.496051637931441
0.49605118909677653
0.4960507248758157
0.4960502448477707
0.4960497496091261
0.49604923719948013
0.4960487083823046
0.4960481658527287
0.4960476082258945
0.4960470348389683
0.4960464450323499
0.4960458380031676
0.49604521505617255
0.496044575871602
0.49604391965044764
0.4960432474849937
0.49604256026493004
0.49604185743301177
0.49604113902524616
0.49604040525464926
0.49603965529207605
0.49603888989330747
0.4960381073058201
0.4960373063848633
0.4960364897717891
0.4960356592622548
0.4960348157023607
0.49603395675550505
0.49603308086505565
0.4960321891603702
0.4960312811992059
0.49603035875940704
0.4960294231677542
0.49602847415305357
0.49602751281399365
0.4960265371016154
0.49602554493712175
0.49602453750498815
0.4960235164089726
0.496022483626792
0.49602143978917923
0.49602038353023836
0.4960193139963674
0.496018231932912
0.496017137079304
0.4960160293738566
0.496014912242273
0.4960137863738749
0.4960126499542255
0.4960115024972157
0.49601034384253995
0.49600917504560177
0.4960079967767921
0.4960068069617703
0.49600560756942513
0.4960044025203703
0.4960031904976666
0.49600196985333234
0.4960007394753972
0.49599949934695015
0.4959982529192098
0.4959970000915871
0.49599573986793954
0.49599447436904753
0.4959932026385324
0.4959919238532739
0.4959906384256248
0.4959893464240728
0.49598805101689675
0.49598675190778213
0.49598544566936864
0.4959841329037196
0.4959828157371672
0.4959814965518796
0.49598017438976033
0.4959788467347145
0.49597751640064214
0.49597618428417656
0.4959748472588848
0.49597350480436797
0.4959721592840008
0.49597081354163713
0.49596946650704915
0.49596811536502894
0.49596676138578316
0.4959654068485525
0.4959640513862358
0.49596269310570573
0.4959613311871042
0.49595996757323435
0.49595860295929645
0.4959572360960938
0.4959558677107938
0.4959545008292803
0.49595313526236895
0.4959517678880191
0.4959503974254876
0.4959490252302695
0.4959476542099765
0.4959462836836097
0.49594490964137056
0.4959435341926095
0.49594216083459586
0.4959407885090942
0.49593941617904097
0.495938043141204
0.4959366704374515
0.4959352987403197
0.4959339243314167
0.49593254808917653
0.4959311748842552
0.4959298031433191
0.49592843011483306
0.4959270562538461
0.49592568330452474
0.495924312186767
0.4959229391917307
0.4959215632569452
0.4959201893872514
0.4959188169924678
0.49591744300074864
0.4959160680606701
0.49591469395065324
0.4959133221631827
0.4959119501092072
0.4959105761330662
0.4959092027564181
0.49590782930641963
0.4959064540117161
0.49590507667205286
0.4959036997501235
0.49590232592875294
0.4959009516902875
0.49589957457629136
0.49589819665502927
0.4958968191808083
0.495895442830908
0.4958940646767079
0.4958926831295777
0.4958913012174816
0.4958899183607452
0.4958885336476622
0.49588715001792133
0.49588576786118344
0.4958843838850082
0.4958829952496012
0.4958816029064209
0.4958802110818864
0.49587881869579375
0.4958774218425069
0.4958760236912794
0.4958746270955539
0.4958732290529756
0.495871828123602
0.4958704258182899
0.4958690238146143
0.4958676197050389
0.4958662101630055
0.4958647978139986
0.49586338572987076
0.49586197211913263
0.49586055476395063
0.49585913528608644
0.49585771552170127
0.4958562933750892
0.4958548674214209
0.49585343830110457
0.49585200716598843
0.4958505740465043
0.49584913582048823
0.49584769377021104
0.4958462518754918
0.49584480846551193
0.49584336067988777
0.49584190823564744
0.4958404531165316
0.4958389949766969
0.4958375316887739
0.49583606515060724
0.4958345974935908
0.4958331263139041
0.4958316485359462
0.49583016654494794
0.49582868483965326
0.49582719916432916
0.4958257059500429
0.4958242084833408
0.49582270837846537
0.49582120459207835
0.495819694703787
0.49581817909111875
0.49581666071815866
0.495815136578845
0.49581360455211293
0.49581206870974803
0.495810529583648
0.49580898449874966
0.49580743205244093
0.49580587355905503
0.4958043107870279
0.4958027411903656
0.4958011630658495
0.49579957968655236
0.49579799275725434
0.49579639865839814
0.4957947945678256
0.4957931833455851
0.495791567554567
0.49578994483059874
0.4957883138231996
0.4957866755388314
0.49578502926757545
0.49578337372803427
0.49578170865228655
0.49578003641024404
0.4957783584847242
0.4957766714187591
0.4957749750579077
0.49577327146542743
0.4957715573696285
0.49576983128863183
0.4957680954511617
0.495766350665421
0.4957645970987797
0.49576283249784275
0.49576105608856624
0.4957592703172446
0.49575747463946734
0.4957556673974594
0.4957538490520311
0.4957520197429717
0.4957501785782852
0.49574832489183945
0.4957464597669433
0.4957445840651353
0.4957426956705327
0.49574079245841507
0.4957388753529418
0.4957369464337564
0.49573500430263273
0.49573304629612686
0.49573107551724277
0.4957290932949762
0.49572709451268565
0.4957250773664644
0.49572304518678495
0.4957209999176258
0.49571894026232993
0.49571686365625156
0.4957147703810811
0.4957126608051241
0.4957105325187234
0.49570838624220914
0.49570622436738404
0.49570404560980513
0.49570184785175114
0.49569963030094444
0.49569739300984855
0.49569513671391696
0.49569286120099126
0.49569056667470085
0.4956882535436528
0.49568592035419173
0.4956835638503729
0.4956811832893297
0.4956787816058778
0.49567635900537493
0.4956739142060817
0.4956714473528642
0.4956689564877366
0.4956664409966708
0.4956639021237978
0.49566133866039314
0.49565874973599305
0.4956561349071361
0.4956534950165639
0.4956508305926678
0.4956481384088251
0.4956454176790439
0.49564267024267605
0.49563989527563285
0.49563709125760175
0.495634258419771
0.49563139785614996
0.4956285083427269
0.4956255884557242
0.4956226380903903
0.4956196551461431
0.4956166388368319
0.4956135898966484
0.4956105085828887
0.4956073954725584
0.4956042488122438
0.49560106638399887
0.4955978488806919
0.49559459576518694
0.4955913060602975
0.4955879805601655
0.4955846188057308
0.49558121924301357
0.495577780001625
0.49557429893173277
0.4955707769984685
0.4955672159532771
0.495563614484018
0.4955599706411661
0.4955562833129572
0.4955525515239797
0.4955487749215965
0.4955449538550604
0.4955410864936117
0.4955371709227799
0.49553320812379975
0.49552919856644406
0.4955251392865459
0.49552102927945313
0.4955168673837166
0.4955126517808286
0.49550838300330524
0.49550406039584366
0.49549968384340826
0.49549525273980327
0.4954907634815511
0.4954862140489929
0.4954816034642929
0.4954769310320453
0.4954721981527023
0.49546740612125
0.4954625523269215
0.49545763169139057
0.49545264161894015
0.4954475826278454
0.49544245535195647
0.49543725903230074
0.49543199242972114
0.49542665414621684
0.49542124229631335
0.49541575210565303
0.4954101813800414
0.4954045317411175
0.49539880296870975
0.49539299476396986
0.49538710564153915
0.495381131056324
0.4953750675626735
0.4953689144859615
0.4953626705507472
0.49535633551507013
0.49534990969429804
0.4953433895306433
0.49533677129000214
0.49533005194899565
0.49532322928650035
0.49531630240511154
0.49530927097658206
0.4953021343107336
0.4952948881472836
0.49528752770703705
0.4952800515212786
0.495272459337471
0.4952647494578235
0.49525691783161774
0.495248962254069
0.4952408813948316
0.4952326705477066
0.4952243256393229
0.4952158443532281
0.4952072245156304
0.4951984653133607
0.4951895631780602
0.4951805127549856
0.49517131194011454
0.4951619568209941
0.4951524424059336
0.49514276651011857
0.4951329262743663
0.4951229172852034
0.49511273546169815
0.4951023780951485
0.49509184056467237
0.4950811164680824
0.49507020143515473
0.4950590918229486
0.4950477833777399
0.4950362709411329
0.4950245493031597
0.4950126152456222
0.49500046260363273
0.49498808084392165
0.49497546344838267
0.49496260851298884
0.49494951070113796
0.49493616130001167
0.49492255273355695
0.49490867774705993
0.49489452815804763
0.4948800951132
0.4948653712896774
0.49485035053526577
0.49483502400705165
0.49481938147844773
0.4948034115099601
0.49478710259811437
0.494770445679169
0.4947534311732069
0.49473604820799755
0.49471828528431694
0.4947001296986929
0.494681567494013
0.4946625831390254
0.49464316306066025
0.4946232936829277
0.4946029592111219
0.4945821466078866
0.49456084077681295
0.49453902191239
0.4945166718228078
0.4944937719785245
0.49447030222922184
0.494446244503054
0.494421579935986
0.4943962877392299
0.4943703467453834
0.49434373318347286
0.49431642134059806
0.4942883877275811
0.4942596106469
0.4942300667188156
0.4941997303106997
0.49416857609240983
0.49413657768502006
0.4941037065011179
0.4940699341761796
0.49403523433857305
0.4939995829398136
0.4939629558227373
0.49392532506303116
0.4938866629008942
0.49384694387911054
0.4938061426928329
0.4937642360985302
0.4937212037322754
0.4936770274188335
0.4936316899683889
0.4935851737854413
0.4935374645853506
0.49348855197291697
0.4934384296615704
0.49338709740606057
0.49333455841519785
0.4932808188964764
0.4932258886472742
0.4931697822475793
0.49311252175833203
0.49305413585739116
0.4929946579696571
0.49293412747402926
0.4928725899070608
0.4928100962421537
0.49274670140038046
0.4926824670129855
0.4926174622518613
0.49255175886264513
0.4924854310015358
0.49241855747666907
0.4923512185365086
0.49228349604683114
0.49221547432311175
0.4921472365258386
0.49207886419776176
0.4920104374122397
0.49194203345329196
0.49187372617009273
0.4918055861210352
0.4917376799350072
0.49167006758717313
0.4916028039714982
0.4915359407684499
0.4914695228627606
0.49140358924536215
0.4913381739165585
0.49127330489680526
0.4912090070374237
0.4911453011384703
0.49108220325514496
0.4910197279573974
0.4909578878724826
0.49089669303562733
0.4908361532914342
0.49077627901590715
0.49071708086558036
0.4906585705279329
0.49060076319847057
0.4905436765051971
0.4904873298306759
0.4904317466613348
0.4903769546842101
0.49032298721904144
0.49026988262702864
0.49021768220301754
0.490166432564129
0.49011618559006215
0.4900669970965112
0.49001892774242667
0.48997204427779484
0.4899264184881375
0.48988212415543053
0.4898392390527497
0.48979784565633516
0.48975802848870875
0.489719875094737
0.48968347501840404
0.48964891942835703
0.48961630123419975
0.48958571173405513
0.4895572416846011
0.48953098151155866
0.4895070193810128
0.4894854411976688
0.48946632914499927
0.48944976170445803
0.4894358117837219
0.489424545055651
0.4894160221797122
0.48941029628490756
0.4894074120621273
0.48940740621180373
0.489410304681355
0.48941612447325
0.4894248722643725
0.4894365422808984
0.48945111887889464
0.4894685751594953
0.4894888735496109
0.4895119656761408
0.4895377907385558
0.4895662778665694
0.48959734462585375
0.4896308991719232
0.48966684254004567
0.4897050665237108
0.48974545615104925
0.4897878892210667
0.48983223674078186
0.4898783661179597
0.4899261404595613
0.48997542163992214
0.49002607118518254
0.49007794965425333
0.4901309188146241
0.49018484033088405
0.4902395784988554
0.4902950013121223
0.49035097956473267
0.49040739141566797
0.49046412016828783
0.49052105332934376
0.4905780844609149
0.4906351104873602
0.49069203551739127
0.49074877263155203
0.4908052418991321
0.4908613717898489
0.4909170943978029
0.4909723445215737
0.4910270643136389
0.49108120278426837
0.4911347165358307
0.49118756865084473
0.49123972581498604
0.4912911590086381
0.4913418408803644
0.4913917466070191
0.49144085863741976
0.49148916374905327
0.4915366518474988
0.49158331756311296
0.49162915692532017
0.4916741649427171
0.49171833710516055
0.49176167196119225
0.4918041733356505
0.4918458485815058
0.49188670424392017
0.4919267472810303
0.4919659854689249
0.4920044241791029
0.49204206957600055
0.49207893227122157
0.4921150250511038
0.49215036149910324
0.492184953083518
0.492218808455889
0.49225193630536823
0.49228434525471715
0.4923160463566252
0.492347054052474
0.4923773809355853
0.49240703742749475
0.4924360335801025
0.49246437814422395
0.49249207896919667
0.4925191432445993
0.4925455822145886
0.49257141161441065
0.4925966418060548
0.4926212781036579
0.49264532577377873
0.4926687899838885
0.49269167894619165
0.4927140018372719
0.4927357659477641
0.4927569809966625
0.49277765394933326
0.4927977861147215
0.49281737955710336
0.492836435747206
0.4928549583956377
0.49287295727877917
0.49289043839738556
0.4929074022012829
0.4929238468496009
0.49293976838105075
0.4929551699022523
0.49297005572870456
0.4929844240102484
0.49299827718739536
0.4930116164083672
0.4930244350580847
0.4930367281902349
0.4930484897550692
0.49305971625745326
0.4930704124462306
0.4930805742654537
0.49309019023412815
0.4930992516355825
0.493107746380589
0.4931156678737862
0.49312301433038364
0.49312977382305817
0.4931359353975075
0.4931414899645928
0.49314642012206455
0.4931507091334012
0.49315433965222205
0.4931572947783251
0.49315956720113974
0.49316114321686605
0.4931619932086193
0.4931620885158473
0.49316140710111256
0.4931599272472442
0.4931576247681427
0.49315447027868464
0.49315043120041374
0.4931454753034769
0.4931395653439656
0.4931326565261995
0.493124704957501
0.49311566821693814
0.49310550166604045
0.49309415678719004
0.4930815702448224
0.49306766680202946
0.49305237582186134
0.4930356248454283
0.4930173290274291
0.4929973886879062
0.49297568295504957
0.4929520725128838
0.49292638549443507
0.4928983717846833
0.49286762846920196
0.49300917726662546
0.4931481267135306
0.49328482623305436
0.49341946045944585
0.49355214372135703
0.49368296530244055
0.4938119975433423
0.4939392955661305
0.49406490126608243
0.4941888454567753
0.4943111536352096
0.49443184732601764
0.49455093798719163
0.4946684329211569
0.49478434544886335
0.49489868994190583
0.49501147270618145
0.4951226890789123
0.4952323295804534
0.49534039359295096
0.4954468861124981
0.4955518030090972
0.4956551356027098
0.4957568776585719
0.4958570213370306
0.49595555710528944
0.4960524726498447
0.49614775531426114
0.49624140237837505
0.496333411618463
0.4964237708247358
0.4965124626684761
0.49659947066507915
0.4966847882869163
0.496768415364042
0.496850342194345
0.4969305555272062
0.4970090470137765
0.49708581005927793
0.4971608369807547
0.49723411968250814
0.4973056542755443
0.49737544634111974
0.4974434988228257
0.49750980396112976
0.4975743584536566
0.49763717062639784
0.4976982534714782
0.49775762212060404
0.49781528583548307
0.49787125796367593
0.4979255634041431
0.4979782257366529
0.4980292726734895
0.4980787415020673
0.498126676435043
0.49817312592070623
0.49821813340842913
0.49826175317696203
0.4983040615806326
0.49834513840091443
0.4983850663495901
0.49842393461435314
0.4984618482623914
0.49849892669774254
0.4985352940031912
0.4985710978799762
0.49860650164657533
0.49864167636251355
0.4986768064661251
0.4987121004322013
0.4987478017424294
0.4987841582901407
0.4988214397644283
0.49885994563284053
0.49890000371339704
0.4989419637074109
0.4989862139073744
0.4990331707426299
0.49908327181155104
0.4991370003910451
0.49919488389912925
0.49925746868836823
0.499325344960976
0.49939914862565543
0.4994795487195788
0.4995672565377764
0.4996630224672235
0.49976763167561916
0.49988192064268905
0.5000067489402226
0.5001430182252579
0.5002916650190055
0.5004536518132994
0.500629977449543
0.5008216591890267
0.5010297468236832
0.501255300438629
0.5014994054664311
0.5017631629074566
0.5020476858646165
0.5023541100290196
0.5026835786563912
0.5030372642782099
0.5034163620503699
0.5038220885959587
0.5042557060589474
0.5047185224247743
0.5052119047780353
0.5057372872048913
0.5062961901613261
0.5068902321459219
0.5075211460366432
0.5081907946402895
0.5089011833057657
0.5096544751720901
0.5104530043154429
0.5112992860605307
0.5121960268720827
0.5131461331038267
0.5141527173180471
0.515219102300022
0.5163488234541401
0.5175456294498817
0.5188134801086064
0.5201565424606487
0.5215791836880893
0.5230859596301364
0.5246815975454723
0.5263709685412256
0.5281590449657824
0.5300508318317922
0.5320512561888786
0.5341649873976524
0.5363961405851361
0.5387477791843693
0.5412210550495773
0.5438136438545743
0.5465166041042057
0.549306692085637
0.5521229523322305
0.5559297160958743
0.5887093435918164
0.6205766556990995
0.6338346792780354
0.6313025311894134
0.6271719260418892
0.6228255355946501
0.6183115825263976
0.6136375708246312
0.6088054752819052
0.6038162327286842
0.6000163290843329
0.6000163290843329
0.6000163290843329
0.6000163290843329
0.6000163290843329
0.6000163290843329
0.6000163290843329
0.6000163290843329
0.6000163290843329
0.6000163290843329
0.6000163290843329
0.6000163290843329
0.6000163290843329
0.6000163290843329
0.6000163290843329
0.6000163290843329
0.6000163290843329
0.6000163290843329
0.6000163290843329
0.6000163290843329
0.6000163290843329
0.6000163290843329
0.6000163290843329
13.210096534268638
13.210126657116323
13.210217097438063
13.210368049333727
13.210579805232483
13.21085276876897
13.211187446393827
13.211584450122334
13.212044493630835
13.21256837927548
13.213157006205956
13.213811356841756
13.214532492015397
13.215321558418141
13.216179770524505
13.21710841782967
13.21810886383759
13.219182534317824
13.220330932670027
13.22155562793348
13.222858257447252
13.224240538896348
13.225704256530337
13.227251274865793
13.228883538289509
13.230603066246395
13.232411963983068
13.234312411354761
13.236306662690186
13.238397041293522
13.240585920526255
13.24287571034159
13.245268828608662
13.247767665668572
13.250374540478584
13.253091647860423
13.255920992507146
13.258864320227916
13.261923046792447
13.265098178770119
13.268390257341718
13.271799301829729
13.275324777997607
13.278965601866387
13.282720148886629
13.286586314426648
13.290561584846408
13.294643122215271
13.29882788244794
13.303112710678352
13.307494451073886
13.311970047046332
13.31653661418466
13.321191514856645
13.325932402063307
13.330757249593882
13.335664370830287
13.340652417509677
13.345720370289822
13.35086752348866
13.356093461096226
13.361398026682535
13.366781303048755
13.372243577104028
13.377785312902812
13.383407133361846
13.389109783782216
13.394894119899323
13.400761084543499
13.406711683469393
13.41274698084473
13.41886807317684
13.425076080841007
13.431372139733963
13.437757382102355
13.444232933482388
13.450799902352044
13.457459367636037
13.464212375662761
13.471059933835472
13.478002998197532
13.485042475807244
13.492179216816362
13.499414005830143
13.506747569673376
13.514180563920352
13.52171357709749
13.529347134530305
13.537081688363088
13.544917630986658
13.55285529241718
13.560894940491176
13.569036793010834
13.577281017962857
13.585627738073217
13.594077042396608
13.602628987864833
13.61128360408333
13.620040907991205
13.628900900064155
13.63786357467475
13.646928929500339
13.656096959168917
13.665367670883796
13.674741083402791
13.684217225916543
13.69379614940008
13.70347792172652
13.713262628927048
13.72315038162236
13.733141310309446
13.743235565322998
13.753433323117612
13.763734776842643
13.774140139731896
13.784649649065797
13.795263554181465
13.80598212472017
13.816805647947284
13.827734420471149
13.83876875558098
13.849908978886075
13.86115542275422
13.872508432843379
13.883968370531425
13.895535678635461
13.907222387228622
13.928042314796901
13.965581742176637
14.01395789963527
14.067592662162767
14.120017049099495
14.164407567068118
14.203485854831086
14.23968293009184
14.274025859999423
14.307048202882939
14.339079123485853
14.37034474393413
14.401008736883487
14.431193093149682
14.460990997762552
14.490474835457627
14.51970079996236
14.548712238489081
14.577543773825939
14.606226588361707
14.634793240440189
14.663279655191278
14.691722839981313
14.720154792119937
14.748595391483365
14.777048567940446
14.805504541027398
14.833946566026842
14.86235775128243
14.89072497964938
14.919039941365797
14.947298603095131
14.975500203248705
15.003646293233626
15.031739982963545
15.05978539666907
15.087787290087599
15.115750781196699
15.143681168437096
15.17158381313959
15.199464063468444
15.22732719675091
15.255178379278705
15.283022646368977
15.310864897620501
15.338709889054167
15.366562222962637
15.394426346514408
15.422306558593379
15.450207021070282
15.478131755126023
15.50608463986817
15.534069422042531
15.562089722576648
15.590149044783306
15.618250775495232
15.646398183696942
15.67459443182729
15.702842584508682
15.731145608299448
15.759506375867865
15.78792767173602
15.816412195165084
15.844962567694063
15.873581333776267
15.902270965218534
15.931033866069072
15.9598723746167
15.988788767608572
16.01778526394895
16.046864025240165
16.07602716111708
16.105276730639414
16.134614743736147
16.164043166575183
16.19356392123156
16.223178888905565
16.252889912158754
16.28269879607255
16.31260731348524
16.342617204029207
16.372730173602054
16.402947900632345
16.433272035704444
16.46370420419138
16.494246007991368
16.524899022808977
16.55566480501769
16.586544891004404
16.61754079768325
16.648654025583625
16.67988605681075
16.71123835907828
16.742712385709417
16.77430957496106
16.80603135257768
16.83787913235827
16.869854316331992
16.90195829552507
16.934192449414617
16.966558146708515
16.999056748602538
17.03168960533878
17.064458058665597
17.09736344061296
17.130407075222895
17.163590277759223
17.19691435634536
17.230380611790828
17.26399033632751
17.297744817160968
17.33164533163641
17.36569315143106
17.399889542452982
17.434235763416012
17.468733072093812
17.503382716930627
17.53818594605155
17.573143999748538
17.608258115585915
17.643529534963218
17.67895949003012
17.714549221154787
17.750299962649112
17.786212947672112
17.82228942203671
17.85853062377488
17.89493780579957
17.931512218750715
17.968255116231646
18.00516776948481
18.042251445247725
18.07950743362684
18.116937027046585
18.154541530057323
18.192322267849956
18.230280567973047
18.268417784880363
18.30673527809147
18.345234429521657
18.38391663981303
18.422783324084328
18.46183592387766
18.50107589139215
18.540504709106244
18.580123874179304
18.619934911668615
18.65993936673415
18.700138805662828
18.74053482653879
18.78112903684083
18.82192308622621
18.86291863591273
18.9041173805604
18.945521038002035
18.987131344692735
19.028950076829748
19.070979020597687
19.11322000261076
19.155674870388776
19.198345498316975
19.241233798342382
19.28434169979766
19.327671167343944
19.371224194423572
19.415002802128626
19.459009046842393
19.503245014247078
19.547712824697786
19.592414631685088
19.637352622452763
19.68252902209858
19.727946092500833
19.773606132817772
19.819511485867334
19.865664531746646
19.912067697008645
19.958723449315492
20.005634302717837
20.052802818345178
20.100231611994527
20.147923343327395
20.195880733907575
20.244106552772134
20.292603629873614
20.341374857822604
20.390423184644295
20.43975163555916
20.489363293093472
20.53926131761389
20.58944893846669
20.63992946109777
20.690706274033484
20.741782844513217
20.793162727700356
20.844849575414074
20.89684712323979
20.949159217401245
21.00178979931933
21.054742918868556
21.1080227469765
21.161633566191203
21.215579782228613
21.269865939212757
21.32449670668106
21.379476902149342
21.434811505710453
21.49050563907252
21.546564605572126
21.602993879521804
21.659799119868
21.716986187579227
21.774561156286268
21.832530318081034
21.890900202630924
21.949677585379074
22.008869504922625
22.06848328713406
22.12852655547645
22.18900725282051
22.24993365790644
22.31131440852423
22.373158521508223
22.43547542054575
22.49827494711826
22.56156739169135
22.625363500796315
22.68967449638895
22.754512090053915
22.81988849145632
22.88581639650933
22.952308989730653
23.019379923240034
23.0870432919655
23.155313618258514
23.224205829582974
23.293735234927773
23.363917532987397
23.43476882787708
23.5063056687605
23.57854512598352
23.651504888562812
23.72520338793227
23.799659947363022
23.874894944948206
23.950929995425184
24.027788152170558
24.105494102975996
24.184074398843975
24.26355769154454
24.343974969099047
24.425359817921535
24.5077487156041
24.591181313177852
24.67570075151133
24.761353989011173
24.848192129180312
24.936270740971818
25.025650129035903
25.1163954908127
25.208576906572148
25.302268965134168
25.39754980360517
25.49449925155619
25.593195508977388
25.693709570804593
25.7960963194315
25.900380722648283
26.006537187369442
26.114459854230777
26.22392186525897
26.334523400757586
26.445632389143864
26.55632963946451
26.665381327502466
26.771271388558045
26.87232410859139
26.966920757905935
27.05376471731147
27.132105659361045
27.201835333961924
27.263425260266665
27.317749811641686
27.36587524523972
27.408882508895132
27.447754009350298
27.483321713332487
27.51625835845021
27.54709221314432
27.57623103677511
27.603986941877213
27.63059835243057
27.656247888054235
27.68107628350959
27.70519294206034
27.72868381680112
27.75161725045209
27.774048289796653
27.796021871646065
27.81757517960931
27.83873939498762
27.859541004401958
27.880002782118765
27.90014453260599
27.919983656122632
27.939535584066356
27.958814117249915
27.977831690366365
27.99659958107081
28.015128077807837
28.033426615125286
28.05150388378295
28.069367921804034
28.087026190309363
28.104485637590077
28.12175275321648
28.138833613785177
28.155733923015315
28.172459046777803
28.189014043175312
28.20540368894113
28.221632502789426
28.237704766246072
28.253624542410122
28.26939569255349
28.285021890918237
28.300506638304405
28.315853274254636
28.331064987888382
28.346144827912976
28.361095711736116
28.37592043380828
28.390621673350704
28.405202001411237
28.419663887391522
28.43400970501161
28.44824173773854
28.462362183747643
28.47637316060832
28.490276709783668
28.5040748006159
28.517769334042114
28.531362146132565
28.544855011353263
28.558249645717776
28.571547709609217
28.584750810343397
28.597860504580712
28.61087830075132
28.623805661409225
28.636644005300763
28.649394709394684
28.662059110604297
28.674638507338145
28.68713416129967
28.699547298945127
28.711879112870847
28.72413076333612
28.73630337942101
28.7483980603397
28.76041587682771
28.7723578720703
28.784225062647206
28.796018439538866
28.80773896894622
28.81938759337826
28.830965232804452
28.84247278523239
28.85391112742438
28.86528111567163
28.876583586294423
28.887819356548384
28.898989225316058
28.91009397344628
28.921134364482846
28.932111145258897
28.94302504640153
28.95387678313863
28.964667055740943
28.975396549738633
28.986065936403808
28.996675873105545
29.007227003730733
29.017719959396615
29.02815535878126
29.038533808361173
29.04885590284868
29.05912222536857
29.069333347732933
29.079489830921563
29.08959222532668
29.099641071072117
29.109636898382377
29.1195802278034
29.129471570498925
29.1393114286307
29.149100295527298
29.158838655756746
29.168526985349217
29.178165751938963
29.18775541503297
29.197296426395024
29.20678923021366
29.21623426325102
29.225631955068344
29.2349827281482
29.244286998049365
29.253545173631306
29.26275765716171
29.27192484442143
29.281047124941285
29.2901248822307
29.299158493949665
29.308148332048265
29.3170947627585
29.325998146521997
29.334858838206753
29.34367718735264
29.35245353832739
29.361188230556206
29.369881598502985
29.378533971685467
29.387145674977308
29.39571702874207
29.404248348884675
29.412739946915032
29.421192129897452
29.429605200528098
29.437979457333636
29.44631519474023
29.45461270318449
29.462872269340753
29.471094176151446
29.479278702796066
29.487426124701088
29.495536713517755
29.503610737308712
29.51164846074794
29.51965014521778
29.527616048912254
29.535546426827345
29.543441530714972
29.551301609133372
29.559126907533933
29.5669176682737
29.574674130618746
29.582396530798743
29.59008510210933
29.597740075181427
29.605361678122364
29.6129501364929
29.62050567320626
29.628028508350162
29.63551885923942
29.64297694059455
29.650402964783574
29.6577971420112
29.66515968019901
29.67249078485799
29.679790658988267
29.687059503056147
29.694297515233412
29.70150489160085
29.708681826277875
29.71582851146626
29.722945137305878
29.73003189175468
29.737088960592708
29.74411652752049
29.751114774309233
29.75808388095383
29.765024025680823
29.771935384808334
29.778818132698838
29.785672441710197
29.79249848223014
29.79929642285908
29.80606643054784
29.81280867071356
29.81952330728962
29.826210502545024
29.832870416963175
29.83950320926043
29.846109036414553
29.852688053867947
29.85924041567962
29.865766274470992
29.872265781397875
29.87873908604665
29.8851863363977
29.891607678971155
29.89800325884345
29.90437321968995
29.910717703848054
29.91703685224299
29.923330804435487
29.929599698664596
29.935843671864365
29.942062859745096
29.9482573967381
29.954427415967256
29.9605730492134
29.96669442682458
29.972791677841293
29.978864930153204
29.98491431058699
29.990939944921184
29.996941957774506
30.002920472561506
30.008875611471556
30.014807495457706
30.020716244334743
30.026601976844503
30.032464810667673
30.03830486245027
30.044122247863807
30.04991708170688
30.055689477866743
30.061439549149533
30.067167407171922
30.072873162404534
30.078556924243394
30.084218801099507
30.089858900508204
30.095477329140618
30.101074192821986
30.106649596553215
30.112203644433947
30.11773643966489
30.12324808450436
30.128738680189862
30.134208327022748
30.13965712440957
30.1450851709173
30.15049256438971
30.155879401870354
30.161245779569654
30.166591792945972
30.171917536627223
30.177223104362785
30.18250858903122
30.18777408269005
30.193019676760237
30.19824546202728
30.2034515285364
30.208637965653786
30.213804862023164
30.2189523055411
30.22408038339307
30.22918918199202
30.234278786971704
30.23934928315145
30.244400754592142
30.249433284809744
30.254446956824196
30.259441853120784
30.26441805552522
30.269375645095202
30.274314702170937
30.279235306377906
30.28413753669204
30.28902147149811
30.29388718852014
30.298734764884752
30.303564277139785
30.30837580126998
30.3131694127974
30.317945186668236
30.322703197110442
30.327443517646486
30.33216622113198
30.336871379869507
30.341559065732678
30.346229350207633
30.350882304453453
30.355517999182744
30.360136504425718
30.364737889560548
30.369322223405696
30.37388957419199
30.378440009563498
30.382973596557342
30.38749040166378
30.39199049092682
30.39647392999705
30.400940784190635
30.405391118424838
30.409824997046208
30.41424248374997
30.41864364168063
30.423028533554625
30.427397221643922
30.431749767786062
30.436086233396892
30.440406679507547
30.44471116682599
30.448999755604905
30.453272505581243
30.457529476043785
30.461770725813427
30.465996313275582
30.47020629641299
30.474400732855404
30.47857967987684
30.482743194319326
30.486891332624854
30.491024150880246
30.4951417047655
30.499244049458024
30.50333123964139
30.507403329650675
30.511460373389117
30.515502424298763
30.519529535489212
30.52354175972646
30.527539149415734
30.531521756548834
30.535489632692823
30.539442829129815
30.543381396811373
30.547305386289093
30.551214847786405
30.555109831146748
30.558990385812354
30.562856560870244
30.56670840508138
30.570545966924872
30.57436929453265
30.578178435616298
30.58197343753751
30.58575434739593
30.589521211988387
30.593274077722132
30.597012990639744
30.600737996462403
30.60444914053749
30.60814646786734
30.611830023220868
30.615499851158845
30.61915599599065
30.622798501656764
30.626427411678566
30.630042769196603
30.633644616921167
30.637232997239906
30.64080795237282
30.644369524257428
30.64791775450882
30.651452684496252
30.654974355340382
30.658482807963033
30.661978083027268
30.665460220853685
30.66892926145053
30.672385244485294
30.675828209285065
30.679258194906808
30.682675240164215
30.686079383626122
30.689470663581357
30.69284911801266
30.696214784601004
30.69956770073557
30.702907903564014
30.70623543005179
30.709550317011377
30.71285260100708
30.716142318219664
30.719419504565543
30.722684195787995
30.72593642736289
30.729176234513805
30.73240365227632
30.73561871546328
30.738821458618716
30.742011915969737
30.745190121468763
30.748356108847393
30.751509911569226
30.75465156286872
30.75778109580798
30.760898543232997
30.764003937778345
30.767097311882036
30.77017869772502
30.773248127180114
30.7763056317722
30.779351242724275
30.782384991080036
30.78540690778023
30.788417023588696
30.791415369005446
30.794401974309093
30.797376869527433
30.800340084421183
30.80329164858755
30.80623159143845
30.809159942167742
30.812076729754565
30.814981982894544
30.81787573003931
30.820757999452457
30.82362881927538
30.82648821756695
30.829336222144804
30.832172860519172
30.834998159976756
30.83781214760192
30.840614850273887
30.84340629467009
30.84618650727265
30.848955514316003
30.85171334178297
30.854460015479734
30.857195561025357
30.859920003912478
30.862633369564744
30.865335683267418
30.86802697012519
30.87070725499783
30.873376562461065
30.87603491690073
30.878682342520115
30.88131886328863
30.883944502969932
30.886559285151577
30.889163233294084
30.891756370735063
30.894338720570886
30.896910305646735
30.89947114864735
30.902021272124767
30.904560698519735
30.907089450162825
30.909607549200402
30.91211501753015
30.914611876824498
30.91709814852137
30.91957385383759
30.922039013893663
30.92449364976922
30.926937782350823
30.92937143228222
30.93179461996249
30.934207365571385
30.936609689196878
30.939001610813218
30.941383150249987
30.943754327200217
30.94611516115258
30.94846567141661
30.950805877160914
30.9531357973998
30.95545545101906
30.9577648568052
30.96006403338989
30.962352999157865
30.96463177224908
30.966900370644172
30.969158812226095
30.971407114769015
30.973645295917816
30.975873373198986
30.978091364059733
30.980299285771515
30.982497155416134
30.98468499000299
30.98686280645717
30.98903062161364
30.99118845219856
30.993336314717805
30.995474225432247
30.99760220045282
30.99972025574815
31.001828407170386
31.003926670536508
31.00601506157757
31.008093595917963
31.010162289052488
31.01222115630097
31.014270212815298
31.016309473660442
31.018338953941367
31.02035866876027
31.022368633090945
31.024368861740466
31.026359369339705
31.028340170334197
31.030311278972444
31.032272709443607
31.034224476026008
31.036166592990238
31.038099074476307
31.04002193443642
31.041935186618296
31.043838844702368
31.04573292236795
31.047617433258306
31.049492391053413
31.05135780940294
31.05321370179594
31.05506008160221
31.056896962138246
31.058724356700036
31.060542278595168
31.06235074119386
31.064149757867323
31.065939341866148
31.06771950633765
31.06949026439877
31.071251629187923
31.073003613860074
31.07474623154963
31.076479495446257
31.078203418797088
31.079918014747747
31.08162329637232
31.08331927689936
31.085005969771718
31.086683388567618
31.088351546995803
31.090010458914453
31.09166013831807
31.093300599298832
31.094931856090867
31.096553923207203
31.09816681548748
31.09977054811409
31.101365136573072
31.102950596597925
31.1045269442336
31.106094195905456
31.107652368486903
31.10920147939802
31.11074154667727
31.112272589002938
31.113794625641173
31.115307676511023
31.11681176228413
31.118306904405472
31.119793125273123
31.1212704483419
31.12273889804011
31.12419849982865
31.12564928030089
31.127091267236903
31.128524489769312
31.129948978515856
31.131364765646477
31.132771884985303
31.13417037204901
31.13556026404106
31.13694159997289
31.138314420870916
31.139678769911892
31.14103469247223
31.1423822362274
31.143721451244527
31.145052390005592
31.14637510744708
31.147689661060067
31.148996111057826
31.15029452051744
31.151584955338922
31.152867484202464
31.154142178599177
31.155409112804175
31.15666836385359
31.15792001153821
31.159164138377147
31.160400829524505
31.161630172538434
31.162852257158523
31.16406717507905
31.165275019693006
31.166475885884477
31.167669869745723
31.16885706820556
31.170037578585223
31.171211498109958
31.172378923482274
31.17353995047072
31.174694673434747
31.175843184847288
31.17698557482805
31.178121930674216
31.179252336333825
31.180376871961915
31.18149561362453
31.18260863296832
31.18371599688551
31.18481776730807
31.185914001016226
31.187004749508308
31.18809005901254
31.18916997052014
31.19024451986214
31.191313737865578
31.192377650555095
31.19343627939415
31.194489641592334
31.195537750473868
31.196580615800933
31.19761824412081
31.198650639219952
31.199677802522256
31.200699733472423
31.20171642992903
31.20272788849603
31.20373410489565
31.204735074317025
31.205730791682544
31.20672125194456
31.207706450361034
31.2086863826926
31.209661045395343
31.21063043580713
31.211594552290173
31.212553394330456
31.21350696267845
31.214455259464504
31.215398288242657
31.216336054048575
31.217268563444197
31.218195824603384
31.21911784741177
31.220034643488155
31.22094622623138
31.22185261088395
31.222753814556988
31.22364985625307
31.224540756942794
31.22542653966722
31.22630722955183
31.22718285382769
31.228053441906052
31.228919025398188
31.229779638152515
31.230635316278267
31.231486098162218
31.232332024516896
31.233173138342003
31.234009484875187
31.234841111560566
31.23566806798029
31.236490405783705
31.237308178581355
31.238121441843127
31.23893025275721
31.239734670008303
31.240534753600343
31.24133056464236
31.242122165093352
31.242909617521395
31.243692984780097
31.24447232970825
31.24524771481801
31.246019201896054
31.24678685164246
31.247550723287862
31.248310874223048
31.24906735964308
31.249820232136404
31.250569541317294
31.25131533341605
31.252057650890396
31.252796532131956
31.25353201114634
31.254264117296042
31.254992875054317
31.255718303749227
31.256440417391644
31.257159224502534
31.257874728022593
31.258586925299088
31.259295808084563
31.26000136261148
31.26070356964446
31.261402404586836
31.262097837645207
31.26278983396668
31.263478353914433
31.26416335336354
31.264844783969824
31.265522593486285
31.266196725983537
31.26686712210963
31.267533719436763
31.268196452802524
31.268855254732387
31.269510055765217
31.27016078464703
31.270807368576826
31.271449733457956
31.27208780419412
31.272721505007922
31.273350759689198
31.273975491836993
31.274595624996074
31.275211082714222
31.27582178871534
31.27642766706582
31.27702864230371
31.277624639630943
31.278215585057314
31.278801405423387
31.279382028359727
31.279957382265312
31.280527396389953
31.281092000969892
31.281651127264833
31.2822047075747
31.282752675267446
31.283294964678316
31.283831510999562
31.284362250298436
31.284887119570673
31.28540605681115
31.285919001008022
31.28642589203828
31.28692667057862
31.287421277994035
31.287909656298236
31.288391748238013
31.28886749730239
31.289336847665883
31.289799744145963
31.290256132126125
31.29070595745604
31.29114916630982
31.29158570518332
31.292015521079634
31.292438561502777
31.292854774299958
31.293264107542498
31.293666509398772
31.29406192812364
31.294450312082915
31.294831609696768
31.29520576951706
31.295572740237063
31.29593247051445
31.29628490887206
31.29663000357029
31.296967702545658
31.297297953600687
31.297620704461714
31.297935902670808
31.298243495444574
31.29854342944272
31.298835650823758
31.299120105347544
31.299396738221464
31.299665494167836
31.29992631748302
31.30017915181625
31.300423940072776
31.30066062426501
31.300889145440888
31.30110944398
31.301321459567887
31.30152513093613
31.301720395784663
31.301907190547013
31.302085450373497
31.302255109336148
31.302416100231124
31.302568354488493
31.302711802224998
31.302846371990245
31.30297199060068
31.303088582955713
31.303196071841406
31.303294378160725
31.303383420975607
31.30346311698742
31.3035333801267
31.303594121417547
31.303645248844596
31.303686667158274
31.303718277520108
31.30373997706489
31.30375165852669
31.30375320969883
31.303744512589734
31.303725442587425
31.303695867597153
31.303655646974708
31.30360463019898
31.303542654742266
31.303469543050312
31.30338509900614
31.303289103121127
31.303181305227
31.30306141292585
31.30292907152838
31.302783824541756
31.302625019080683
31.302451551393258
31.30226080371369
31.302055453778607
31.30183666898269
31.301605166175484
31.30136146488283
31.301105981489805
31.300839068701094
31.300561035560353
31.300272159072694
31.2999726916046
31.299662865832
31.299342898302825
31.299012992133356
31.298673338834377
31.298324119638163
31.297965506821157
31.297597664906647
31.29722075149254
31.296834917645477
31.296440308060497
31.296037061503757
31.29562531142431
31.295205186174204
31.294776809066903
31.294340298547525
31.293895768287147
31.293443327214316
31.29298307942416
31.292515124007192
31.292039555230268
31.291556462720905
31.29106593128193
31.290568040537917
31.29006286456701
31.2895504718331
31.28903092532255
31.28850428226214
31.287970593691984
31.287429904204576
31.286882251687754
31.286327666959824
31.285766173302168
31.285197786033716
31.284622512381183
31.28404035118533
31.28345129210126
31.282855314874812
31.282252388917478
31.281642472873425
31.281025514157655
31.280401448101028
31.279770197090908
31.279131670009054
31.278485761354304
31.27783235028865
31.277171299808575
31.276502455916198
31.275825646727103
31.275140681022883
31.27444734686346
31.2737454107322
31.273034616350504
31.27231468319599
31.271585304795025
31.270846147152
31.270096847203458
31.269337010709897
31.268566210512606
31.26778398471058
31.26698983434532
31.2661832207534
31.265363562935647
31.264530235566518
31.26368256591742
31.262819830596854
31.26194125235869
31.261045996808434
31.26013316848503
31.259201807269275
31.25825088443655
31.25727929773837
31.256285866887076
31.25526932937643
31.25422833487796
31.25316143981598
31.252067102163206
31.250943675551326
31.249789403418177
31.248602412990227
31.24738070871542
31.246122166748926
31.244824528245402
31.243485393328353
31.24210221535064
31.240672294906364
31.239192775028283
31.23766063610918
31.236072692589396
31.23442558941934
31.232715800426163
31.230939627921863
31.229093203485952
31.22717249161534
31.225173294381335
31.223091260068024
31.22092189495425
31.218660577678836
31.21630257927131
31.21384308823147
31.211277242156154
31.208600166204562
31.205807020730724
31.202893059124445
31.19985369800742
31.196684602178063
31.19338178651933
31.18994173824151
31.186361563147123
31.182639159799034
31.178773426326615
31.17476450543613
31.17061407385291
31.16632568308906
31.161905159396
31.15736107170165
31.152705276883818
31.147953552545058
31.143126327671542
31.13824952084887
31.133355493876554
31.12848412334262
31.123683982656168
31.119013605499337
31.11454275797184
31.110353555637964
31.10654106192139
31.103212538051107
31.10048332159934
31.098463860805392
31.09722064741092
31.096643281311096
31.095867066187033
31.091412692806706
31.096164713667644
31.12291997837417
31.173621785703844
31.227511745097534
31.28210688357261
31.3370546894523
31.391998096338888
31.44647889269836
31.49983767038551
31.550858383726528
31.598295539758045
31.643280537380704
31.686148393921183
31.727030546680663
31.76597756520887
31.802998605207772
31.83807877829979
31.871188423769144
31.902288713594167
31.931335353256912
31.9582811924686
31.983078161494195
32.00567876329254
32.02603725456843
32.044110599902105
32.059859249297276
32.07324777485889
32.084245389248814
32.092826348166
32.09897007512289
32.10266206973782
32.10389495619291
