36.16536233793983
36.16536153158762
36.1653591125465
36.165355080863506
36.165349436531386
36.165342179470734
36.16533330947514
36.16532282619621
36.165310729140046
36.165297017647234
36.1652816909132
36.1652647479929
36.165246187822284
36.16522600923915
36.16520421102121
36.1651807919099
36.16515575064987
36.16512908603898
36.16510079694857
36.16507088238782
36.16503934153437
36.16500617377638
36.16497137876326
36.16493495643752
36.16489690707715
36.16485723132976
36.16481593025098
36.16477300532112
36.16472845848587
36.164682292167974
36.16463450928055
36.164585113253615
36.16453410802227
36.164481498040985
36.16442728827584
36.1643714841935
36.16431409174858
36.16425511736645
36.164194567917
36.16413245068252
36.164068773335366
36.16400354388422
36.16393677064519
36.1638684621949
36.16379862731692
36.16372727496429
36.16365441419899
36.1635800541419
36.16350420391677
36.163426872598244
36.163348069154225
36.16326780240144
36.16318608095614
36.16310291317892
36.16301830713653
36.16293227054455
36.16284481073058
36.162755934603325
36.162665648623886
36.16257395878902
36.16248087060832
36.162386389081306
36.162290518674396
36.16219326331591
36.16209462640031
36.161994610812904
36.161893218958156
36.16179045277351
36.1616863137391
36.16158080288248
36.16147392080307
36.1613656677278
36.16125604358714
36.16114504809098
36.16103268077728
36.16091894103222
36.16080382810467
36.1606873411452
36.1605694792976
36.16045024181734
36.16032962817865
36.1602076381355
36.160084271723434
36.15995952925236
36.15983341133677
36.15970591899508
36.15957705377924
36.159446817891954
36.15931521422366
36.15918224631448
36.15904791831678
36.15891223498239
36.15877520173966
36.15863682480105
36.15849711123395
36.158356068964366
36.15821370671099
36.158070033909006
36.15792506066558
36.15777879778623
36.1576312567864
36.15748244990376
36.15733239006321
36.157181090793536
36.15702856617931
36.156874830787345
36.15671989960622
36.156563787970526
36.15640651148149
36.15624808593638
36.1560885272953
36.15592785165663
36.15576607516948
36.15560321394729
36.15543928389845
36.15527430060384
36.15510827926255
36.154941234651915
36.154773181126075
36.15460413255268
36.15443410221333
36.15426310267507
36.15409114571768
36.15391824225805
36.15374440230809
36.15356963495489
36.15339394827941
36.15321734936479
36.15303984427608
36.15286143805073
36.1526821346779
36.15250193702766
36.152320846793636
36.152138864476576
36.15195598944996
36.15177222000208
36.15158755342419
36.15140198601245
36.151215513048726
36.15102812884339
36.15083982673643
36.15065059917207
36.15046043774285
36.150269333243
36.15007727573613
36.14988425466678
36.149690258965606
36.149495277109004
36.14929929718738
36.149102306879485
36.14890429352191
36.14870524419745
36.14850514583355
36.14830398533307
36.14810174963342
36.147898425780454
36.147694000983535
36.14748846270059
36.147281798667194
36.147073996932065
36.14686504588241
36.14665493426635
36.14644365131474
36.146231186808244
36.14601753115387
36.145802675399075
36.145586611214874
36.14536933090019
36.14515082738626
36.14493109426149
36.144710125749825
36.14448791672739
36.14426446272372
36.14403975996266
36.1438138053992
36.143586596688756
36.14335813214585
36.14312841066134
36.142897431673795
36.142665195149206
36.14243170157558
36.142196951946936
36.14196094772731
36.141723690850924
36.14148518371239
36.141245429152036
36.14100443039483
36.140762190971365
36.14051871464646
36.140274005391966
36.140028067397466
36.139780905054586
36.13953252294942
36.139282925838494
36.139032118627945
36.13878010637899
36.13852689427374
36.13827248754744
36.13801689144062
36.13776011116175
36.1375021518974
36.1372430188506
36.13698271724369
36.13672125230543
36.13645862927719
36.13619485341023
36.135929929955104
36.13566386415715
36.13539666118712
36.135128326120906
36.134858863967864
36.13458827968741
36.13431657824446
36.13404376461342
36.133769843774836
36.13349482072434
36.13321870049559
36.132941488136765
36.132663188682564
36.132383807137025
36.13210334844157
36.13182181754702
36.13153921943663
36.13125555914277
36.13097084176558
36.13068507246029
36.13039825646205
36.130110399075605
36.12982150565886
36.12953158155711
36.12924063210379
36.128948662627664
36.12865567847512
36.12836168505314
36.12806668779561
36.12777069218753
36.12747370375833
36.1271757280881
36.12687677077735
36.126576837384334
36.126275933397636
36.12597406420556
36.125671235134526
36.12536745143692
36.12506271829317
36.12475704080365
36.12445042399386
36.12414287283066
36.123834392180314
36.12352498677748
36.12321466114585
36.12290341958851
36.1225912661879
36.122278204785495
36.12196423898751
36.12164937214568
36.12133360737589
36.121016947578624
36.120699395437576
36.12038095336367
36.1200616234579
36.119741407485094
36.119420306844845
36.11909832258241
36.11877545535064
36.11845170539608
36.11812707259916
36.117801556492175
36.11747515627162
36.11714787079233
36.11681969852081
36.11649063752312
36.116160685465566
36.11582983958103
36.11549809663776
36.115165452933034
36.114831904300395
36.114497446149706
36.11416207350842
36.113825780998816
36.11348856285481
36.11315041293081
36.11281132469865
36.11247129125129
36.11213030525503
36.111788358943954
36.11144544412764
36.111101552242175
36.110756674371956
36.11041080127352
36.11006392341979
36.109716031034694
36.109367114162325
36.10901716266483
36.108666166234144
36.10831411438769
36.10796099650392
36.10760680187646
36.10725151972174
36.10689513924851
36.1065376496937
36.106179040424486
36.105819301026095
36.105458421349304
36.10509639155477
36.104733202156616
36.10436884408844
36.10400330872589
36.10363658794134
36.10326867410793
36.10289956015974
36.102529239696565
36.10215770702666
36.1017849572458
36.101410986282964
36.10103579095644
36.100659369037054
36.10028171927962
36.09990284140592
36.09952273610197
36.099141405041436
36.098758850883335
36.09837507729236
36.09799008892997
36.0976038914511
36.09721649154716
36.09682789695812
36.09643811645196
36.096047159794225
36.09565503769968
36.095261761800614
36.094867344592224
36.09447179935366
36.09407514006841
36.09367738136271
36.093278538483716
36.09287862724283
36.09247766396419
36.09207566542481
36.09167264881053
36.09126863167217
36.09086363184601
36.09045766736389
36.0900507563328
36.089642916890355
36.08923416710876
36.08882452491215
36.08841400801491
36.08800263383846
36.08759041950996
36.08717738182411
36.086763537195125
36.08634890159881
36.08593349054728
36.085517319045316
36.085100401532245
36.08468275183781
36.08426438308395
36.08384530768947
36.08342553734725
36.08300508299587
36.08258395482099
36.08216216225051
36.081739713994594
36.08131661806858
36.08089288180414
36.080468511832365
36.08004351409988
36.07961789388815
36.07919165580583
36.078764803786875
36.078337341086
36.07790927031752
36.07748059350218
36.0770513121083
36.07662142708818
36.07619093892256
36.075759847697384
36.07532815315618
36.07489585471008
36.07446295147107
36.07402944226069
36.073595325640355
36.07316059994299
36.07272526325239
36.0722893134317
36.07185274816733
36.07141556501879
36.07097776144234
36.070539334833015
36.070100282545695
36.06966060193326
36.069220290394604
36.06877934532517
36.06833776412788
36.067895544201264
36.06745268293129
36.06700917769026
36.06656502579964
36.06612022453923
36.06567477115615
36.065228662908474
36.064781897052036
36.06433447085189
36.063886381603666
36.063437626644024
36.06298820336245
36.062538109162624
36.06208734145869
36.06163589766321
36.06118377520093
36.06073097150608
36.060277484001354
36.059823310147515
36.05936844748415
36.05891289366911
36.058456646524476
36.057999704064976
36.05754206454687
36.05708372653303
36.05662468890367
36.05616495086165
36.0557045119646
36.055243372155964
36.054781531781714
36.054318991623184
36.053855752907026
36.053391817351276
36.05292718724636
36.052461865463115
36.05199585549723
36.051529161492915
36.05106178827709
36.050593741375465
36.05012502698002
36.049655651932085
36.049185623679705
36.04871495027245
36.04824364030064
36.0477717028365
36.04729914739695
36.04682598391119
36.04635222269202
36.045877874360094
36.04540294980915
36.04492746012899
36.04445141656321
36.0439748304279
36.04349771297587
36.0430200753206
36.04254192833351
36.042063282530684
36.04158414796336
36.041104534105756
36.04062444976711
36.04014390303425
36.039662901193125
36.03918145064026
36.038699556841706
36.03821722429413
36.03773445646582
36.03725125574328
36.03676762336777
36.036283559394455
36.03579906267255
36.03531413078679
36.0348287600346
36.03434294540957
36.03385668063937
36.03336995821276
36.032882769395414
36.03239510431572
36.03190695202616
36.031418300611364
36.030929137265936
36.03043944837037
36.02994921959392
36.02945843601058
36.02896708219527
36.02847514229291
36.02798260015922
36.0274894394646
36.02699564383717
36.02650119700184
36.026006082892295
36.0255102858389
36.025013790730824
36.02451658316566
36.02401864958794
36.02351997743914
36.02302055530236
36.02252037301905
36.02201942178142
36.02151769421606
36.02101518446966
36.020511888292795
36.02000780308347
36.019502927923185
36.018997263633295
36.018490812826855
36.01798357992599
36.01747557115852
36.01696679457491
36.01645726001604
36.01594697909836
36.01543596513874
36.01492423303753
36.014411799221385
36.013898681506134
36.01338489895797
36.01287047173499
36.012355420938135
36.0118397684654
36.01132353685057
36.01080674910151
36.01028942852055
36.00977159858679
36.00925328279036
36.00873450446474
36.00821528662185
36.00769565179762
36.00717562190918
36.006655218070755
36.00613446043874
36.005613368062136
36.00509195875048
36.004570248969785
36.00404825370814
36.00352598639034
36.003003458850756
36.00248068127725
36.00195766218515
36.00143440841528
36.00091092514658
36.000387215935994
35.99986328274695
35.99933912597945
35.99881474451547
35.99829013581635
35.997765295963084
35.997240219729825
35.99671490067953
35.99618933126608
35.99566350297028
35.99513740639281
35.99461103140775
35.99408436730307
35.99355740294489
35.993030126927955
35.99250252768767
35.99197459366828
35.99144631345904
35.99091767589681
35.99038867016148
35.989859285874495
35.989329513179065
35.98879934281345
35.98826876616271
35.98773777528835
35.987206362999764
35.98667452289926
35.986142249382155
35.985609537664466
35.98507638380255
35.98454278468859
35.984008738039336
35.98347424233314
35.9829392967815
35.9824039012593
35.98186805622572
35.98133176261816
35.98079502172925
35.98025783513925
35.9797202045828
35.979182131829035
35.97864361857863
35.978104666376616
35.977565276521645
35.97702544997684
35.97648518729515
35.97594448854125
35.97540335326963
35.97486178044347
35.97431976836937
35.97377731468137
35.97323441630013
35.97269106940668
35.97214726941459
35.97160301096873
35.97105828797717
35.970513093636754
35.969967420477346
35.969421260429144
35.968874604915804
35.96832744498493
35.96777977138821
35.96723157471507
35.966682845544014
35.96613357457536
35.965583752757745
35.96503337141468
35.964482422382055
35.963930898123756
35.96337879186527
35.96282609766512
35.96227281053163
35.96171892654928
35.96116444294133
35.96060935816519
35.96005367198487
35.959497385564546
35.95894050152504
35.95838302397525
35.95782495855388
35.95726631244093
35.95670709435891
35.95614731453326
35.95558698461806
35.95502611764313
35.95446472792721
35.95390283093387
35.95334044314558
35.95277758193095
35.95221426539589
35.95165051220991
35.95108634144911
35.950521772413225
35.94995682447951
35.94939151692742
35.94882586872868
35.94825989839816
35.94769362380662
35.94712706200341
35.94656022900842
35.945993139630204
35.94542580730967
35.94485824391692
35.94429045959346
35.94372246258942
35.9431542591322
35.94258585332513
35.94201724703551
35.94144843981377
35.940879428876045
35.94031020909008
35.93974077295979
35.939171110662485
35.93860121011754
35.938031057056456
35.93746063511572
35.93688992594256
35.93631890931987
35.93574756333805
35.93517586452777
35.9346037880391
35.9340313078275
35.93345839687795
35.93288502742311
35.93231117113852
35.93173679942681
35.93116188366009
35.93058639542918
35.9300103068054
35.92943359058397
35.928856220546024
35.92827817169249
35.927699420445535
35.92711994483881
35.92653972471556
35.92595874186996
35.925376980148464
35.924794425553124
35.92421106632254
35.92362689296844
35.92304189828493
35.92245607733888
35.921869427457686
35.92128194817054
35.920693641133205
35.92010451003087
35.919514560454516
35.91892379980585
35.918332237093956
35.917739882765154
35.917146748532126
35.91655284714726
35.91595819217712
35.915362797753495
35.914766678344044
35.91416984850361
35.913572322620894
35.912974114670774
35.912375237984904
35.91177570504821
35.911175527288655
35.91057471487955
35.909973276592375
35.909371219675315
35.90876854972097
35.90816527056322
35.90756138423206
35.90695689090629
35.90635178887232
35.90574607453526
35.90513974241411
35.904532785202626
35.90392519382281
35.90331695747069
35.90270806373938
35.90209849872776
35.90148824718566
35.90087729263883
35.90026561757331
35.899653203641684
35.899040031836186
35.89842608269719
35.89781133653573
35.89719577364734
35.896579374527434
35.89596212007039
35.8953439917585
35.894724971863205
35.89410504361205
35.89348419131525
35.89286240049801
35.89223965803633
35.891615952221905
35.89099127282722
35.890365611159375
35.88973896009624
35.88911131410122
35.88848266919069
35.887853022936184
35.88722237441138
35.88659072413966
35.88595807401723
35.88532442719079
35.88468978798448
35.88405416175526
35.88341755472273
35.882779973817634
35.88214142651422
35.88150192062978
35.88086146411643
35.88022006485995
35.87957773048939
35.878934468160764
35.878290284361334
35.877645184721146
35.876999173847125
35.87635225517407
35.87570443080681
35.875055701403035
35.87440606608165
35.87375552235653
35.873104066035175
35.87245169119867
35.87179839019538
35.87114415360854
35.8704889702814
35.86983282733891
35.86917571025073
35.86851760289837
35.86785848764498
35.86719834545538
35.86653715602109
35.86587489791243
35.86521154873534
35.864547085298426
35.86388148384565
35.863214720255684
35.86254677023559
35.861877609575004
35.861207214370665
35.86053556124857
35.85986262756777
35.85918839164086
35.858512832925165
35.857835932192756
35.85715767168094
35.856478035213435
35.85579700833034
35.85511457835646
35.854430734457
35.85374546766587
35.853058770917336
35.85237063902891
35.85168106863682
35.85099005816378
35.850297607748935
35.84960371911517
35.84890839546059
35.848211641308204
35.847513462342214
35.84681386522438
35.846112857362996
35.84541044671316
35.844706641528454
35.84400145011582
35.843294880566816
35.842586940491174
35.84187763678934
35.84116697537059
35.8404549609024
35.839741596605286
35.83902688404631
35.83831082293584
35.83759341097301
35.836874643729175
35.8361545145418
35.83543301444204
35.834710132113685
35.8339858538897
35.83326016378049
35.83253304351393
35.83180447260372
35.831074428464674
35.83034288653704
35.82960982043363
35.828875202080056
35.82813900194061
35.827401189215585
35.826661732028704
35.825920597692466
35.82517775294272
35.82443316419618
35.82368679779773
35.822938620281136
35.8221885986419
35.82143670057711
35.82068289472286
35.819927150886315
35.819169440246824
35.81840973556013
35.817648011289705
35.816884243739
35.81611841117929
35.81535049389511
35.81458047421304
35.813808336515365
35.813034067229005
35.81225765474771
35.81147908935034
35.81069836310979
35.8099154697614
35.809130404556065
35.80834316409116
35.8075537461537
35.80676214953315
35.80596837383227
35.80517241927215
35.80437428649191
35.80357397637847
35.802771489857115
35.80196682768754
35.8011599903203
35.800350977713705
35.79953978916026
35.798726423154484
35.79791087726509
35.79709314804087
35.79627323088666
35.79545112002602
35.79462680846479
35.793800287956394
35.79297154902772
35.79214058100446
35.791307372081974
35.79047190941531
35.78963417920854
35.78879416684605
35.78795185704944
35.78710723402045
35.786260281597045
35.785410983424846
35.784559323151626
35.783705284570104
35.782848851780486
35.78199000936709
35.78112874254554
35.780265037281524
35.77939888041738
35.778530259801094
35.777659164358525
35.77678558417992
35.77590951057796
35.7750309361341
35.77414985474086
35.77326626159401
35.77238015319563
35.77149152734303
35.770600383088016
35.76970672068063
35.76881054148849
35.76791184793914
35.76701064341403
35.76610693210101
35.76520071890941
35.76429200932333
35.763380809240736
35.76246712482996
35.76155096237087
35.76063232811421
35.75971122809853
35.75878766801318
35.75786165306261
35.756933187823606
35.75600227613052
35.75506892096471
35.754133124366206
35.75319488737687
35.752254209964995
35.7513110909883
35.7503655281925
35.749417518201064
35.748467056513626
35.74751413753559
35.746558754642315
35.745600900203165
35.74464056564418
35.74367774152843
35.7427124176461
35.74174458307901
35.740774226298
35.739801335285186
35.738825897620096
35.737847900596336
35.73686733133965
35.735884176924266
35.73489842450805
35.73391006144262
35.73291907539594
35.731925454494245
35.73092918742685
35.72993026356809
35.7289286730698
35.72792440698337
35.72691745734851
35.72590781723252
35.7248954808324
35.72388044351934
35.72286270185186
35.72184225360429
35.72081909777514
35.719793234584046
35.718764665428495
35.7177333928553
35.71669942053502
35.71566275318456
35.71462339651062
35.71358135714837
35.712536642579515
35.711489261067854
35.71043922156165
35.70938653361715
35.708331207320285
35.70727325319569
35.7062126821075
35.70514950517315
35.70408373368952
35.70301537901911
35.701944452494956
35.700870965341934
35.69979492859281
35.698716352972625
35.69763524882345
35.6965516260446
35.69546549400091
35.694376861446884
35.693285736495696
35.692192126563896
35.69109603833717
35.68999747774673
35.68889644996759
35.687792959435406
35.68668700983954
35.68557860417755
35.6844677447843
35.68335443339031
35.68223867118592
35.68112045886737
35.67999979673003
35.67887668474645
35.677751122615625
35.67662310985953
35.67549264589826
35.67435973012274
35.67322436195171
35.67208654089868
35.670946266666284
35.66980353915915
35.66865835854794
35.66751072533734
35.666360640388056
35.66520810494992
35.664053120695264
35.66289568975075
35.66173581470606
35.66057349860979
35.65940874499007
35.65824155783963
35.65707194159068
35.65589990109797
35.65472544159445
35.65354856865726
35.65236928814745
35.6511876061418
35.650003528872034
35.6488170626551
35.64762821380464
35.64643698854231
35.64524339293828
35.644047432824365
35.6428491137051
35.64164844069746
35.640445418485335
35.639240051255605
35.638032342644486
35.636822295740515
35.63560991306899
35.63439519656895
35.63317814762849
35.63195876712114
35.63073705543645
35.62951301253619
35.62828663802014
35.62705793122315
35.62582689127191
35.62459351718917
35.623357808003185
35.622119762831936
35.62087938100515
35.61963666215818
35.618391606345114
35.61714421415803
35.61589448681332
35.61464242626263
35.613388035300375
35.61213131764946
35.610872278057975
35.60961092235934
35.60834725758241
35.60708129199563
35.60581303514192
35.60454249791568
35.603269692577335
35.60199463275733
35.600717333458235
35.59943781104993
35.598156083233896
35.596872168970656
35.59558608843219
35.594297862935825
35.59300751480888
35.59171506730284
35.59042054447248
35.58912397104111
35.58782537225611
35.58652477374807
35.58522220139783
35.58391768117642
35.582611239004706
35.58130290062342
35.57999269145986
35.57868063650642
35.57736676021267
35.57605108638277
35.574733638104576
35.57341443766841
35.57209350650973
35.57077086517169
35.56944653328615
35.56812052954194
35.56679287168468
35.56546357654399
35.564132660043654
35.56280013722435
35.561466022291626
35.560130328682156
35.558793069096154
35.55745425555803
35.55611389951292
35.55477201188451
35.553428603136496
35.552083683372786
35.55073726241779
35.549389349889324
35.54803995526743
35.546689087992625
35.5453367575386
35.54398297345
35.542627745432405
35.541271083399785
35.53991299750507
35.53855349818166
35.53719259615847
35.535830302481024
35.534466628494876
35.53310158583005
35.53173518639139
35.53036744230153
35.52899836586546
35.527627969513325
35.526256265730176
35.52488326701291
35.52350898577583
35.52213343429297
35.52075662464423
35.519378568636654
35.51799927775918
35.516618763126466
35.5152370354604
35.51385410505376
35.51246998173894
35.511084674922174
35.50969819358129
35.50831054627084
35.50692174118679
35.50553178620894
35.50414068896016
35.502748456863124
35.501355097238424
35.499960617399864
35.49856502470799
35.4971683266981
35.49577053118604
35.49437164634804
35.49297168082946
35.49157064385772
35.49016854534132
35.48876539595532
35.48736120723433
35.485955991686424
35.48454976284611
35.48314253535263
35.48173432503255
35.48032514894227
35.47891502541627
35.477503974097395
35.476092015969215
35.47467917335637
35.47326546991501
35.47185093061823
35.47043558172145
35.46901945070292
35.46760256620592
35.4661849579485
35.46476665663832
35.46334769385907
35.46192810194586
35.46050791386092
35.45908716305634
35.457665883324715
35.456244108642
35.45482187303236
35.453399210408755
35.45197615441761
35.45055273829657
35.449128994753
35.44770495581644
35.44628065271773
35.4448561157979
35.44343137441364
35.44200645683315
35.440581390187276
35.43915620042483
35.43773091225597
35.43630554912564
35.43488013321388
35.43345468544335
35.43202922545826
35.43060377166931
35.42917834129538
35.42775295038079
35.42632761384191
35.42490234554109
35.42347715833466
35.42205206412678
35.42062707393585
35.41920219798622
35.417777445752556
35.41635282602301
35.41492834700036
35.41350401634617
35.41207984124668
35.41065582847885
35.409231984477
35.40780831537795
35.40638482705907
35.4049615251971
35.40353841530259
35.40211550272063
35.40069279267745
35.399270290276895
35.39784800050034
35.39642592820158
35.395004078084014
35.39358245469295
35.39216106236289
35.39073990519158
35.38931898700318
35.387898311288374
35.386477881167494
35.385057699338056
35.383637768020314
35.38221808892954
35.38079866320728
35.379379491405786
35.37796057344765
35.376541908597325
35.37512349545136
35.37370533191401
35.37228741521216
35.37086974188587
35.3694523077901
35.36803510813457
35.36661813748246
35.36520138977087
35.363784858347756
35.362368535981844
35.360952414895145
35.35953648675396
35.35812074271044
35.35670517339488
35.35528976888971
35.353874518742195
35.35245941193239
35.35104443681735
35.34962958109363
35.34821483172695
35.346800174886205
35.34538559581566
35.34397107875271
35.342556606812266
35.34114216181062
35.339727724135564
35.338313272581715
35.336898784150605
35.33548423385044
35.33406959448197
35.3326548364288
35.33123992737216
35.32982483204483
35.3284095119785
35.326993925170974
35.32557802579274
35.32416176387042
35.322745084945204
35.321327929705014
35.319910233615424
35.31849192656859
35.317072932441626
35.31565316869812
35.3142325459885
35.31281096768317
35.31138832943061
35.30996451869675
35.308539414309095
35.30711288593993
35.30568479361794
35.30425498724823
35.302823306041
35.30138957799617
35.29995361934857
35.2985152339916
35.29707421286269
35.2956303333388
35.29418335860458
35.29273303692535
35.29127910098324
35.28982126710382
35.28835923446931
35.286892684259215
35.28542127880204
35.28394466058536
35.28246245126438
35.280974250601396
35.27947963531242
35.27797815783926
35.27646934508349
35.274952697008416
35.273427685164016
35.271893751152525
35.27035030495412
35.268796723156484
35.267232347112866
35.26565648093811
35.26406838940188
35.26246729572454
35.26085237918607
35.25922277263093
35.257577559829535
35.25591577263292
35.2542363880202
35.25253832492441
35.250820440867365
35.24908152843503
35.2473203114618
35.24553544107185
35.243725491396326
35.24188895509976
35.24002423858925
35.238129656971694
35.23620342869736
35.23424366990696
35.23224838845633
35.23021547761603
35.22814270943312
35.22602772774595
35.22386804083972
35.22166101372808
35.21940386004034
35.217093633487245
35.214727218868326
35.21230132257293
35.20981246251492
35.20725695742999
35.20463091545495
35.20193022190513
35.19915052616799
35.196287227640575
35.19333546065408
35.19029007834659
35.18714563545986
35.183896370044536
35.18053618406139
35.177058622883
35.17345685376718
35.16972364355191
35.16585133617867
35.16183183122067
35.15765656530502
35.15331649891933
35.14880211110302
35.144103403310595
35.13920991077611
35.134110715052486
35.12879444610435
35.1232492585495
35.117462766936065
35.11142193096706
35.10511289304886
35.0985207857376
35.0916295444238
35.08442178026452
35.076878783947194
35.06898072388022
35.06070705099821
35.05203703529203
35.04295029529785
35.03342718755448
35.02344893276565
35.01299729040808
35.002053692507545
34.99059834209201
34.978610100580504
34.966066816401586
34.95294504255068
34.93922010635475
34.92486787191924
34.90986603371605
34.89419288350453
34.87782265274262
34.86071857719077
34.842834115143624
34.82412144518516
34.80453043526807
34.783999951833756
34.7624490939265
34.73978982445304
34.7159485662268
34.6908487809856
34.66440516362662
34.636558317034115
34.60729626021016
34.57663870930723
34.54462222122796
34.5113819887554
34.47717427673208
34.44224985287561
34.40686406300006
34.37120612830978
34.33532246713107
34.29928051872485
34.26326123877341
34.22767041244255
34.19288427912094
34.15892950400557
34.125411713397256
34.09176771756052
34.05767887572291
34.023111856417295
33.9880991619715
33.95286071238846
33.918205931159136
33.88547344305628
33.85580682892436
33.82966019445096
33.80728564787569
33.79047219501095
33.7820601716749
