0.8953685095297214
0.8953685095297182
0.8953685095297069
0.8953685095296847
0.8953685095296562
0.8953685095296186
0.8953685095295706
0.8953685095295135
0.89536850952945
0.8953685095293771
0.8953685095292959
0.8953685095292021
0.8953685095291052
0.8953685095289937
0.8953685095288748
0.8953685095287477
0.8953685095286144
0.8953685095284668
0.8953685095283083
0.8953685095281455
0.895368509527966
0.8953685095277838
0.895368509527586
0.8953685095273781
0.8953685095271572
0.8953685095269285
0.8953685095266867
0.8953685095264324
0.8953685095261679
0.8953685095258943
0.895368509525603
0.8953685095253044
0.8953685095249917
0.895368509524663
0.8953685095243193
0.8953685095239607
0.8953685095235894
0.8953685095232061
0.8953685095228033
0.895368509522388
0.8953685095219505
0.8953685095215018
0.895368509521038
0.8953685095205531
0.8953685095200484
0.8953685095195278
0.8953685095189816
0.8953685095184202
0.895368509517835
0.8953685095172306
0.8953685095166004
0.8953685095159474
0.8953685095152734
0.8953685095145701
0.8953685095138388
0.8953685095130808
0.8953685095122942
0.8953685095114805
0.8953685095106374
0.8953685095097602
0.8953685095088518
0.8953685095079048
0.8953685095069268
0.8953685095059031
0.8953685095048448
0.8953685095037472
0.8953685095026069
0.8953685095014218
0.8953685095001872
0.895368509498899
0.8953685094975707
0.8953685094961863
0.8953685094947438
0.8953685094932474
0.8953685094916853
0.8953685094900583
0.8953685094883637
0.8953685094866018
0.8953685094847708
0.8953685094828553
0.8953685094808616
0.895368509478781
0.8953685094766086
0.8953685094743483
0.895368509471979
0.8953685094695119
0.8953685094669337
0.8953685094642361
0.8953685094614213
0.8953685094584724
0.8953685094553842
0.8953685094521594
0.8953685094487784
0.8953685094452384
0.8953685094415275
0.8953685094376314
0.8953685094335502
0.8953685094292626
0.8953685094247665
0.8953685094200361
0.8953685094150645
0.895368509409843
0.8953685094043433
0.895368509398556
0.8953685093924584
0.8953685093860297
0.8953685093792565
0.8953685093721052
0.8953685093645593
0.8953685093565839
0.895368509348158
0.8953685093392425
0.8953685093298075
0.895368509319815
0.895368509309226
0.8953685092979986
0.8953685092860768
0.8953685092734203
0.8953685092599756
0.895368509245672
0.8953685092304429
0.8953685092142201
0.8953685091969354
0.8953685091784883
0.8953685091587945
0.8953685091377473
0.8953685091152342
0.895368509091126
0.8953685090653088
0.8953685090376075
0.8953685090078759
0.8953685089759214
0.8953685089415536
0.895368508904545
0.895368508864657
0.89536850882162
0.8953685087751251
0.8953685087248473
0.8953685086704142
0.8953685086114096
0.8953685085473747
0.8953685084777854
0.8953685084020723
0.8953685083195799
0.8953685082295777
0.8953685081312455
0.8953685080236438
0.8953685079057162
0.8953685077762696
0.8953685076339019
0.8953685074770243
0.8953685073037498
0.8953685071118471
0.8953685068984638
0.8953685066597858
0.895368506389957
0.8953685060780346
0.8953685056978037
0.8953685051658603
0.8953685041188658
0.8953685001988639
0.8953684644977592
0.8953633931385115
0.8743645506698722
0.8039238832948699
0.7026782885521884
0.5878462537481453
0.5057818749028177
0.5043879494323597
0.5074713046524872
0.5098274143961979
0.511723639928399
0.5133247238169585
0.5147147618940177
0.5159381062372852
0.5170204043582144
0.517979628478037
0.5188306644748728
0.5195864044158122
0.5202578923655183
0.5208546124862038
0.5213848873654526
0.5218561599748627
0.522275131114743
0.5226478283188101
0.5229796570310871
0.5232754464829794
0.5235394921006614
0.5237755970066658
0.523987114337284
0.5241769900897275
0.5243478053152298
0.5245018165862904
0.524640993993524
0.5247670561775509
0.5248815021090903
0.5249856395288148
0.5250806101243767
0.5251674116347318
0.5252469171339134
0.5253198917726092
0.525387007259884
0.5254488543575087
0.5255059536412386
0.5255587647604683
0.5256076944029096
0.5256531031462544
0.5256953113553574
0.5257346042621317
0.5257712363461811
0.5258054351172865
0.5258374043861933
0.525867327097397
0.5258953677867231
0.5259216747171443
0.5259463817383361
0.5259696099086971
0.525991468912838
0.5260120583026472
0.5260314685859809
0.5260497821834361
0.5260670742708335
0.5260834135223643
0.5260988627673826
0.5261134795718868
0.5261273167542642
0.5261404228435429
0.5261528424872256
0.5261646168149094
0.5261757837630013
0.5261863783651788
0.526196433012595
0.5262059776873723
0.52621504017246
0.526223646240468
0.5262318198239105
0.5262395831688732
0.5262469569738668
0.5262539605155651
0.5262606117627492
0.5262669274797047
0.5262729233201929
0.52627861391295
0.52628401293956
0.5262891332055207
0.5262939867050984
0.526298584680593
0.5263029376766838
0.5263070555901017
0.526310947715266
0.5263146227861829
0.5263180890149208
0.5263213541270686
0.5263244253943277
0.526327309664675
0.5263300133900468
0.5263325426520417
0.5263349031856702
0.5263371004012636
0.5263391394048743
0.5263410250171194
0.5263427617907196
0.5263443540267875
0.5263458057899597
0.5263471209225109
0.526348303057508
0.5263493556310482
0.5263502818937388
0.5263510849214028
0.5263517676250825
0.5263523327604571
0.5263527829366267
0.5263531206243973
0.5263533481640692
0.5263534677727335
0.5263534815511989
0.5263533914905071
0.5263531994780722
0.5263529073035322
0.5263525166642602
0.5263520291706293
0.5263514463509982
0.5263507696564648
0.5263500004653968
0.526349140087791
0.5263481897694041
0.5263471506957509
0.5263460239959387
0.5263448107463433
0.5263435119741682
0.5263421286608849
0.5263406617455757
0.5263391121281233
0.5263374806723724
0.5263357682091756
0.5263339755393424
0.5263321034365452
0.5263301526501383
0.5263281239079205
0.5263260179187937
0.5263238353754541
0.5263215769569097
0.5263192433309944
0.5263168351568648
0.5263143530873419
0.5263117977712136
0.5263091698555777
0.526306469987893
0.5263036988181866
0.5263008570009905
0.5262979451972861
0.5262949640763193
0.5262919143172737
0.5262887966108616
0.5262856116607151
0.5262823601847043
0.5262790429160144
0.5262756606040824
0.5262722140153042
0.526268703933564
0.5262651311604719
0.5262614965154215
0.5262578008353075
0.526254044974009
0.5262502298014998
0.526246356202721
0.5262424250760568
0.526238437331462
0.5262343938882452
0.5262302956724708
0.5262261436139818
0.5262219386430365
0.5262176816865637
0.5262133736641037
0.5262090154832685
0.5262046080349806
0.5262001521883365
0.5261956487852416
0.5261910986347104
0.5261865025070704
0.5261818611279616
0.5261771751723239
0.5261724452583012
0.5261676719412909
0.5261628557081371
0.5261579969715535
0.5261530960648729
0.5261481532373176
0.5261431686497373
0.526138142371008
0.5261330743751456
0.5261279645392596
0.5261228126423305
0.5261176183650254
0.526112381290414
0.5261071009057317
0.5261017766051299
0.5260964076934588
0.526090993390896
0.5260855328383791
0.5260800251038394
0.5260744691888198
0.5260688640354502
0.5260632085334785
0.5260575015271222
0.5260517418212135
0.5260459281866046
0.5260400593641881
0.5260341340671858
0.5260281509813095
0.5260221087623715
0.5260160060306925
0.526009841362143
0.5260036132750007
0.5259973202124729
0.5259909605200431
0.5259845324175699
0.5259780339651908
0.5259714630228852
0.5259648172029017
0.5259580938144883
0.5259512898005346
0.5259444016652715
0.5259374253926317
0.5259303563548663
0.5259231892114737
0.5259159177995145
0.5259085350175117
0.5259010327078703
0.5258934015476807
0.5258856309643017
0.5258777091043424
0.5258696229030796
0.5258613583287359
0.5258529009167571
0.5258442367634066
0.5258353542138147
0.5258262465390285
0.5258169159077739
0.5258073788339198
0.5257976728800325
0.525787863590057
0.5257780494354153
0.5257683614752549
0.5257589545230135
0.5257499889916233
0.5257416070173229
0.5257339104138656
0.5257269481893271
0.5257207170387841
0.525715172396371
0.5257102441804657
0.5257058516484333
0.5257019142872834
0.5256983582222763
0.525695119068815
0.5256921425060784
0.5256893836332829
0.5256868058007726
0.5256843793111442
0.5256820801847552
0.5256798890714945
0.5256777903332578
0.5256757712891165
0.5256738216072111
0.5256719328184822
0.5256700979322221
0.5256683111336264
0.5256665675459167
0.5256648630441139
0.5256631941090734
0.5256615577125752
0.5256599512271689
0.5256583723546583
0.5256568190698546
0.525655289574965
0.5256537822639755
0.5256522956930698
0.5256508285570731
0.5256493796701878
0.5256479479499437
0.5256465324040865
0.5256451321194268
0.5256437462527509
0.5256423740228071
0.5256410147037115
0.5256396676191297
0.525638332137517
0.525637007667579
0.5256356936548311
0.5256343895780221
0.5256330949464396
0.5256318092974209
0.5256305321938403
0.5256292632221622
0.5256280019908692
0.5256267481284774
0.5256255012823592
0.5256242611174627
0.5256230273145814
0.5256217995700537
0.5256205775942565
0.5256193611107208
0.5256181498554573
0.5256169435761993
0.5256157420317584
0.5256145449910045
0.5256133522327416
0.5256121635449763
0.525610978724413
0.5256097975759474
0.525608619912236
0.5256074455534646
0.5256062743267456
0.5256051060658506
0.52560394061089
0.5256027778081813
0.5256016175094408
0.5256004595722291
0.5255993038592237
0.5255981502381507
0.5255969985813783
0.5255958487659655
0.5255947006733125
0.5255935541889731
0.5255924092026643
0.5255912656077495
0.5255901233014368
0.5255889821845509
0.5255878421611369
0.5255867031387073
0.5255855650277577
0.5255844277419666
0.525583291197887
0.5255821553149053
0.5255810200150811
0.525579885223187
0.5255787508664038
0.5255776168744382
0.5255764831792613
0.5255753497152802
0.5255742164188983
0.5255730832287907
0.5255719500858732
0.5255708169325516
0.5255696837134469
0.525568550375164
0.5255674168658641
0.5255662831356276
0.5255651491360671
0.5255640148205739
0.5255628801441719
0.525561745063221
0.5255606095358107
0.5255594735212246
0.5255583369804065
0.5255571998754982
0.5255560621699542
0.5255549238286749
0.5255537848176725
0.5255526451041541
0.5255515046565782
0.5255503634445272
0.5255492214387071
0.525548078610821
0.52554693493373
0.525545790381144
0.5255446449279099
0.5255434985497903
0.5255423512234871
0.5255412029265812
0.525540053637574
0.525538903335681
0.5255377520010485
0.5255365996147072
0.525535446158355
0.5255342916143318
0.5255331359660077
0.5255319791971605
0.5255308212925187
0.5255296622372599
0.525528502017312
0.5255273406192486
0.5255261780301905
0.52552501423781
0.5255238492304655
0.525522682997021
0.5255215155268679
0.5255203468097264
0.5255191768361737
0.525518005597059
0.5255168330835265
0.525515659287482
0.5255144842010825
0.5255133078169394
0.5255121301280061
0.525510951127641
0.5255097708095627
0.5255085891678303
0.5255074061969133
0.525506221891411
0.5255050362464352
0.5255038492571688
0.5255026609193423
0.5255014712286058
0.5255002801811042
0.5254990877730968
0.5254978940011417
0.5254966988617357
0.5254955023519808
0.5254943044687957
0.5254931052093957
0.5254919045712064
0.5254907025515992
0.5254894991481894
0.5254882943586446
0.5254870881807583
0.525485880612425
0.5254846716514818
0.5254834612959672
0.5254822495437953
0.5254810363929873
0.525479821841607
0.5254786058876897
0.5254773885292251
0.5254761697641983
0.5254749495906013
0.5254737280061643
0.5254725050088079
0.5254712805963061
0.5254700547662192
0.5254688275160833
0.5254675988433897
0.5254663687453794
0.5254651372192674
0.5254639042620624
0.5254626698704156
0.5254614340411172
0.5254601967706142
0.5254589580551257
0.5254577178908136
0.5254564762732871
0.5254552331982675
0.5254539886610539
0.525452742656623
0.5254514951798056
0.5254502462250958
0.5254489957865469
0.5254477438581955
0.5254464904335114
0.5254452355056206
0.5254439790674493
0.5254427211115265
0.5254414616299328
0.5254402006143052
0.5254389380560429
0.5254376739461227
0.5254364082748798
0.5254351410324072
0.5254338722084324
0.5254326017921206
0.5254313297719391
0.5254300561361676
0.5254287808724509
0.5254275039680566
0.5254262254096399
0.5254249451832851
0.5254236632745841
0.525422379668546
0.5254210943496891
0.5254198073018309
0.5254185185083479
0.5254172279518006
0.5254159356143419
0.525414641477403
0.5254133455217332
0.5254120477274998
0.5254107480742252
0.5254094465406957
0.525408143105048
0.5254068377446005
0.5254055304362177
0.5254042211557995
0.5254029098786304
0.5254015965792299
0.5254002812313255
0.5253989638079598
0.5253976442812971
0.5253963226228409
0.525394998803114
0.5253936727919417
0.5253923445583606
0.5253910140704726
0.5253896812956407
0.5253883462003242
0.5253870087499783
0.5253856689093177
0.5253843266422551
0.5253829819116779
0.5253816346795236
0.525380284907007
0.5253789325541701
0.5253775775802225
0.5253762199434778
0.5253748596011668
0.5253734965096386
0.5253721306242314
0.5253707618992773
0.5253693902881754
0.5253680157431965
0.5253666382156386
0.525365257655757
0.5253638740128781
0.5253624872351531
0.5253610972697109
0.5253597040625682
0.5253583075586915
0.5253569077020019
0.5253555044351971
0.5253540977002008
0.5253526874374079
0.5253512735862778
0.5253498560850857
0.5253484348711132
0.5253470098803298
0.5253455810476013
0.5253441483066158
0.5253427115899943
0.5253412708289302
0.5253398259537886
0.5253383768933511
0.5253369235755174
0.5253354659267162
0.5253340038723338
0.5253325373365506
0.5253310662420315
0.5253295905105365
0.5253281100624337
0.5253266248168019
0.5253251346915253
0.5253236396032498
0.5253221394671379
0.5253206341973379
0.5253191237066046
0.5253176079062495
0.5253160867065395
0.5253145600161988
0.5253130277428816
0.5253114897926207
0.5253099460704063
0.5253083964797279
0.5253068409227264
0.5253052793003432
0.5253037115119364
0.525302137455876
0.5253005570287869
0.5252989701260503
0.5252973766417862
0.5252957764684634
0.5252941694976846
0.5252925556192366
0.5252909347214965
0.5252893066915335
0.5252876714151062
0.5252860287765985
0.5252843786587327
0.5252827209429668
0.525281055509348
0.5252793822364944
0.525277701001537
0.5252760116801122
0.5252743141466406
0.5252726082737945
0.5252708939330606
0.5252691709942503
0.5252674393258733
0.525265698794811
0.5252639492666188
0.5252621906053124
0.5252604226734252
0.5252586453319837
0.5252568584405698
0.5252550618572838
0.5252532554386506
0.5252514390397035
0.5252496125139644
0.5252477757134427
0.5252459284887034
0.5252440706887662
0.5252422021609104
0.5252403227511235
0.52523843230375
0.5252365306616433
0.5252346176660239
0.5252326931566356
0.5252307569716149
0.5252288089475586
0.5252268489194031
0.5252248767207354
0.5252228921832325
0.5252208951372664
0.5252188854114777
0.5252168628328403
0.5252148272269231
0.5252127784176226
0.52521071622708
0.5252086404759384
0.5252065509831517
0.5252044475661234
0.5252023300406351
0.525200198220622
0.5251980519185357
0.525195890945216
0.5251937151096446
0.5251915242193506
0.5251893180800918
0.5251870964958387
0.5251848592689942
0.5251826062002704
0.5251803370886695
0.52517805173146
0.5251757499241426
0.5251734314604948
0.5251710961327065
0.5251687437311081
0.5251663740442978
0.5251639868591554
0.5251615819607521
0.5251591591324629
0.5251567181557124
0.5251542588104098
0.5251517808744317
0.5251492841240233
0.5251467683335566
0.5251442332755861
0.5251416787207589
0.5251391044380574
0.5251365101945769
0.5251338957554526
0.5251312608840251
0.5251286053418711
0.5251259288885083
0.52512323128182
0.525120512277539
0.5251177716296543
0.5251150090902262
0.5251122244093362
0.5251094173351721
0.5251065876140686
0.5251037349903973
0.5251008592063897
0.5250979600025291
0.5250950371172539
0.5250920902870462
0.5250891192463333
0.5250861237277353
0.5250831034616414
0.5250800581765166
0.5250769875988671
0.5250738914530196
0.5250707694614586
0.5250676213443709
0.5250644468201988
0.5250612456050345
0.5250580174131603
0.5250547619564897
0.5250514789450503
0.5250481680867725
0.5250448290872165
0.5250414616503406
0.5250380654774998
0.5250346402681855
0.525031185719624
0.5250277015269867
0.5250241873832862
0.5250206429793297
0.5250170680037625
0.5250134621431806
0.5250098250818688
0.5250061565020508
0.5250024560836447
0.5249987235045254
0.5249949584402622
0.5249911605642449
0.5249873295476443
0.5249834650595796
0.5249795667667518
0.5249756343339077
0.5249716674233167
0.5249676656952066
0.5249636288074555
0.5249595564160334
0.5249554481743429
0.5249513037337733
0.5249471227434749
0.5249429048504514
0.5249386496993156
0.5249343569325986
0.524930026190744
0.5249256571118917
0.5249212493319978
0.524916802484857
0.5249123162020328
0.5249077901132857
0.5249032238456123
0.5248986170243506
0.5248939692726254
0.5248892802113504
0.524884549459294
0.5248797766336363
0.5248749613485714
0.5248701032170864
0.5248652018497272
0.5248602568550836
0.5248552678400148
0.5248502344089963
0.5248451561649141
0.5248400327084222
0.5248348636386083
0.5248296485526511
0.5248243870457375
0.5248190787113937
0.5248137231412591
0.5248083199255017
0.5248028686523903
0.5247973689085813
0.5247918202792718
0.5247862223480544
0.5247805746968814
0.5247748769063155
0.5247691285556266
0.5247633292227051
0.5247574784840904
0.5247515759151036
0.5247456210899162
0.5247396135815825
0.5247335529620967
0.5247274388025351
0.5247212706730767
0.5247150481430414
0.5247087707810365
0.524702438154995
0.5246960498323281
0.5246896053798078
0.5246831043642148
0.5246765463515085
0.5246699309078435
0.5246632575991779
0.5246565259913676
0.5246497356505943
0.5246428861431134
0.524635977035666
0.5246290078955146
0.5246219782903658
0.5246148877887571
0.5246077359602656
0.5246005223754125
0.5245932466054375
0.5245859082238923
0.5245785068048606
0.5245710419246679
0.5245635131611207
0.5245559200941552
0.5245482623056998
0.5245405393804388
0.5245327509051192
0.5245248964694743
0.5245169756661177
0.5245089880907058
0.5245009333423326
0.5244928110235629
0.524484620740877
0.5244763621047358
0.5244680347296616
0.5244596382348722
0.5244511722444128
0.5244426363870615
0.524434030296952
0.524425353613759
0.5244166059831078
0.5244077870564261
0.5243988964917753
0.5243899339538561
0.524380899114188
0.5243717916517694
0.5243626112530052
0.524353357612504
0.5243440304329765
0.5243346294257973
0.5243251543112482
0.5243156048189445
0.5243059806883867
0.5242962816686977
0.5242865075198245
0.5242766580124091
0.5242667329282521
0.5242567320606821
0.5242466552152383
0.5242365022097615
0.5242262728749629
0.5242159670548248
0.524205584607023
0.5241951254034484
0.5241845893303195
0.5241739762893052
0.5241632861973735
0.524152518987452
0.5241416746089381
0.5241307530280357
0.5241197542284244
0.5241086782118549
0.5240975249982186
0.5240862946263247
0.524074987154371
0.5240636026603084
0.5240521412426709
0.5240406030207682
0.5240289881350573
0.5240172967483648
0.5240055290455485
0.5239936852344791
0.5239817655464698
0.5239697702368077
0.5239576995851953
0.5239455538962389
0.5239333335000946
0.5239210387527569
0.5239086700367458
0.5238962277613507
0.5238837123636946
0.5238711243084145
0.5238584640887187
0.5238457322265485
0.5238329292730937
0.5238200558093655
0.5238071124466285
0.5237940998264825
0.5237810186216679
0.5237678695360853
0.5237546533055893
0.5237413706980251
0.5237280225135276
0.5237146095852455
0.523701132779126
0.5236875929944238
0.5236739911639174
0.5236603282544136
0.5236466052662961
0.5236328232342916
0.5236189832272964
0.5236050863486501
0.5235911337361586
0.5235771265619427
0.5235630660329542
0.5235489533902771
0.5235347899094229
0.5235205769003322
0.5235063157072535
0.5234920077079004
0.5234776543142594
0.5234632569714183
0.5234488171578237
0.52343433638428
0.5234198161946693
0.5234052581641492
0.5233906638994922
0.5233760350382844
0.523361373248363
0.5233466802268356
0.5233319576999103
0.5233172074216728
0.5233024311734654
0.5232876307628449
0.5232728080228662
0.5232579648107838
0.523243103007189
0.5232282245148923
0.5232133312578487
0.5231984251793285
0.523183508241519
0.5231685824235234
0.5231536497203834
0.52313871214114
0.5231237717077571
0.523108830453355
0.5230938904207735
0.5230789536604948
0.5230640222294614
0.5230490981888571
0.523034183602557
0.5230192805349985
0.5230043910497247
0.522989517207035
0.5229746610620882
0.52295982466288
0.5229450100482577
0.5229302192458478
0.5229154542699419
0.5229007171190287
0.5228860097741028
0.5228713341961901
0.5228566923243768
0.5228420860728703
0.522827517329895
0.5228129879548891
0.5227984997759603
0.5227840545881093
0.5227696541509028
0.5227553001860322
0.5227409943754332
0.5227267383588348
0.5227125337318904
0.5226983820437611
0.5226842847948467
0.5226702434351674
0.5226562593620584
0.5226423339182299
0.5226284683894588
0.5226146640034061
0.5226009219271185
0.5225872432652673
0.5225736290586923
0.5225600802827098
0.5225465978451163
0.5225331825849285
0.5225198352706307
0.5225065565994648
0.5224933471948804
0.5224802076063614
0.5224671383077101
0.522454139695907
0.5224412120904983
0.5224283557320618
0.5224155707816435
0.5224028573201451
0.5223902153474227
0.5223776447816584
0.522365145458773
0.5223527171323329
0.522340359472694
0.5223280720672792
0.5223158544196533
0.5223037059502813
0.5222916259958255
0.522279613809708
0.5222676685616625
0.5222557893383256
0.5222439751436075
0.5222322248984822
0.5222205374420208
0.5222089115314043
0.5221973458428169
0.5221858389718037
0.5221743894338643
0.522162995665097
0.5221516560233387
0.5221403687883631
0.5221291321633023
0.5221179442748791
0.5221068031744792
0.5220957068395963
0.5220846531738652
0.5220736400084632
0.5220626651031229
0.5220517261468925
0.5220408207591438
0.5220299464906227
0.5220191008241623
0.5220082811759437
0.5219974848960041
0.5219867092693762
0.52197595151721
0.5219652087969421
0.52195447820368
0.5219437567707541
0.5219330414703798
0.5219223292145905
0.5219116168555177
0.5219009011860989
0.5218901789404274
0.521879446794698
0.5218687013667622
0.5218579392173447
0.5218471568493537
0.5218363507084278
0.5218255171834845
0.5218146526051476
0.52180375324749
0.5217928153263237
0.521781834999755
0.5217708083669937
0.5217597314681002
0.5217486002836079
0.5217374107328792
0.5217261586738896
0.5217148399016365
0.5217034501472186
0.521691985076152
0.5216804402870573
0.5216688113097816
0.5216570936034065
0.5216452825545521
0.5216333734747125
0.521621361598303
0.5216092420793063
0.5215970099890747
0.521584660312686
0.5215721879462244
0.5215595876928697
0.5215468542588214
0.5215339822498095
0.521520966165918
0.5215078003974606
0.5214944792197439
0.5214809967875674
0.5214673471294451
0.5214535241418615
0.5214395215816878
0.5214253330599876
0.5214109520340393
0.5213963717990776
0.5213815854799513
0.5213665860214703
0.5213513661782387
0.5213359185042982
0.5213202353412059
0.5213043088052696
0.5212881307745062
0.5212716928739253
0.5212549864594336
0.5212380026008883
0.5212207320637375
0.5212031652881156
0.5211852923676563
0.5211671030244853
0.5211485865830318
0.5211297319411382
0.5211105275376919
0.5210909613169127
0.5210710206895361
0.521050692488409
0.5210299629192646
0.5210088175060997
0.5209872410284991
0.5209652174507438
0.5209427298421074
0.5209197602834169
0.5208962897609917
0.520872298042031
0.5208477635284768
0.5208226630852618
0.5207969718335106
0.5207706629007534
0.5207437071156437
0.5207160726281261
0.5206877244292748
0.5206586237321286
0.5206287271551283
0.520597985613936
0.5205663427648561
0.5205337327182618
0.520500076462401
0.5204652757138186
0.5204292006477396
0.5203916602168747
0.5203523213502214
0.5204411922723763
0.5205284419328207
0.5206143995989196
0.5206992504481858
0.5207831177012413
0.5208660928003215
0.5209482479260741
0.5210296422910003
0.5211103258078176
0.5211903414342854
0.5212697267700047
0.521348515191695
0.5214267366890143
0.5215044184972923
0.5215815855875876
0.5216582610546826
0.5217344664277976
0.52181022192681
0.5218855466724605
0.5219604588636513
0.5220349759283832
0.5221091146531652
0.5221828912953681
0.522256321682124
0.5223294212972179
0.5224022053610118
0.5224746889000008
0.5225468868126592
0.5226188139287756
0.5226904850656368
0.522761915080985
0.52283311892247
0.5229041116743627
0.5229749086088634
0.5230455252257492
0.5231159773003501
0.5231862809270443
0.5232564525642864
0.5233265090791199
0.5233964677931369
0.5234663465281842
0.5235361636548536
0.5236059381414798
0.5236756896050438
0.5237454383643215
0.5238152054955182
0.5238850128897399
0.5239548833150118
0.5240248404797855
0.5240949091014084
0.5241651149779446
0.5242354850640679
0.5243060475534256
0.5243768319635553
0.5244478692287146
0.5245191917976608
0.5245908337398716
0.5246628308556507
0.5247352207987127
0.5248080432041066
0.5248813398273912
0.524955154693197
0.5250295342558778
0.5251045275718473
0.5251801864857397
0.5252565658310482
0.5253337236468256
0.5254117214119938
0.5254906242990404
0.5255705014477129
0.5256514262633621
0.5257334767386977
0.5258167358052548
0.5259012917133685
0.5259872384461061
0.5260746761712785
0.5261637117321958
0.5262544591835864
0.5263470403767848
0.5264415855982775
0.5265382342691329
0.5266371357078359
0.5267384499677026
0.5268423487520553
0.5269490164193908
0.5270586510803675
0.5271714658082773
0.5272876899586334
0.5274075706221751
0.52753137421602
0.5276593882280168
0.5277919231298703
0.5279293144730051
0.5280719251801662
0.5282201480573886
0.5283744085307831
0.5285351676362567
0.5287029252740243
0.528878223745394
0.5290616515877727
0.5292538477194203
0.5294555059113439
0.5296673795888918
0.5298902869714605
0.5301251165473616
0.530372832878539
0.5306344827180005
0.5309112014170104
0.5312042195869062
0.5315148699645121
0.5318445944149146
0.5321949510064345
0.5325676210299848
0.53296441586062
0.53338728350341
0.5338383146296624
0.5343197478944008
0.5348339742486683
0.5353835399207335
0.5359711476663032
0.536599655772544
0.5372720742127552
0.5379915570892632
0.538761390172398
0.5395849715470795
0.5404657817884594
0.5414073368619627
0.5424131106487512
0.5434864025994484
0.5446301066596195
0.5458463071890535
0.5471355828225002
0.5484958321144082
0.5499202992666611
0.5513939863095763
0.5528851227903973
0.5543204212191192
0.556454290212607
0.5867394445103329
0.6263777852982513
0.6476644587354573
0.6474830720182396
0.6439158104150197
0.6400945502224493
0.6361061693813883
0.6319619964553399
0.6276642243422405
0.6232130794967552
0.6186083463095757
0.6138498117707039
0.6089374291691904
0.6038713962712009
0.6000163290843329
0.6000163290843329
0.6000163290843329
0.6000163290843329
0.6000163290843329
0.6000163290843329
0.6000163290843329
0.6000163290843329
0.6000163290843329
0.6000163290843329
0.6000163290843329
0.6000163290843329
0.6000163290843329
0.6000163290843329
0.6000163290843329
0.6000163290843329
0.6000163290843329
0.6000163290843329
0.6000163290843329
0.6000163290843329
0.6000163290843329
0.6000163290843329
0.6000163290843329
1.3175864026422601e-11
1.3177677016974602e-11
1.3183117623921444e-11
1.3192191084958263e-11
1.320490608020529e-11
1.3221274769562046e-11
1.32413128325637e-11
1.3265039491270765e-11
1.3292477544723987e-11
1.3323653410337001e-11
1.3358597171993433e-11
1.339734263497674e-11
1.3439927387872593e-11
1.348639287164605e-11
1.3536784456044142e-11
1.3591151523617553e-11
1.3649547561522597e-11
1.3712030261452477e-11
1.3778661627915552e-11
1.384950809524153e-11
1.3924640653634437e-11
1.4004134984636284e-11
1.4088071606450246e-11
1.4176536029509922e-11
1.4269618922824397e-11
1.4367416291562649e-11
1.4470029666459344e-11
1.4577566305607742e-11
1.4690139409303458e-11
1.480786834859435e-11
1.4930878908282893e-11
1.5059303545147647e-11
1.5193281662267722e-11
1.5332959900294864e-11
1.547849244667854e-11
1.5630041363871374e-11
1.578777693763682e-11
1.595187804662441e-11
1.612253255452319e-11
1.6299937726123903e-11
1.6484300668820188e-11
1.66758388010386e-11
1.687478034938704e-11
1.708136487626956e-11
1.7295843839907506e-11
1.7518481188926078e-11
1.7749553993697292e-11
1.79893531168538e-11
1.823818392561483e-11
1.8496367048650386e-11
1.876423918054978e-11
1.904215393706012e-11
1.9330482764627796e-11
1.9629615907956717e-11
1.993996343959511e-11
2.026195635595256e-11
2.0596047744398494e-11
2.0942714026489565e-11
2.1302456282814492e-11
2.1675801665320775e-11
2.206330490351299e-11
2.2465549911383244e-11
2.288315150252895e-11
2.3316757221518062e-11
2.3767049300161848e-11
2.4234746748258085e-11
2.472060758888154e-11
2.5225431249433537e-11
2.5750061120446607e-11
2.629538729518748e-11
2.6862349504249964e-11
2.7451940260678472e-11
2.806520823216133e-11
2.870326185873546e-11
2.9367273235851094e-11
3.0058482284273516e-11
3.077820123065065e-11
3.152781942429363e-11
3.2308808518354294e-11
3.3122728046068456e-11
3.397123142550063e-11
3.485607242964779e-11
3.577911216184912e-11
3.674232658053583e-11
3.774781462156035e-11
3.8797806970752365e-11
3.989467554491786e-11
4.10409437447762e-11
4.223929754992986e-11
4.3492597532935405e-11
4.480389187710945e-11
4.6176430491553575e-11
4.7613680326532774e-11
4.911934200248711e-11
5.069736787868273e-11
5.235198169982378e-11
5.408769997440241e-11
5.590935525470008e-11
5.782212150672072e-11
5.983154177915083e-11
6.194355840314973e-11
6.41645459810258e-11
6.65013474504639e-11
6.896131354343054e-11
7.155234599602489e-11
7.428294490594323e-11
7.716226068103923e-11
8.020015107487213e-11
8.340724386342944e-11
8.679500578512597e-11
9.037581844019698e-11
9.416306193300408e-11
9.81712071358216e-11
1.0241591756478179e-10
1.0691416198298561e-10
1.11684338988728e-10
1.167464150105502e-10
1.2212207731528585e-10
1.278349038500374e-10
1.3391055198067524e-10
1.4037696847041236e-10
1.4726462336205856e-10
1.546067707978145e-10
1.6243974023535867e-10
1.7080326201050944e-10
1.7974083176607638e-10
1.8930011892363174e-10
1.995334251407474e-10
2.104981995852722e-10
2.222576188968406e-10
2.348812409162653e-10
2.484457426897571e-10
2.630357549231453e-10
2.787448070398125e-10
2.9567639933166345e-10
3.1394522148493534e-10
3.336785401021939e-10
3.550177818804637e-10
3.7812034403575966e-10
4.031616696554255e-10
4.3033763332644606e-10
4.59867292243809e-10
4.919960710629814e-10
5.269994667144618e-10
5.651873852538474e-10
6.069092621643972e-10
6.525601811763945e-10
7.025883166625269e-10
7.575042278953236e-10
8.17892934780689e-10
8.844305510748329e-10
9.57909158630656e-10
1.0392782137739773e-9
1.1297227778215378e-9
1.2308329022641222e-9
1.345025166030904e-9
1.476754373164316e-9
1.6366014823200256e-9
1.8580377984261214e-9
2.286525211555379e-9
3.8653903549869864e-9
1.815804620941177e-8
2.046715512244928e-6
0.008401583748161348
0.03657785257266101
0.07707634862655624
0.12309007856462093
0.16648300969546273
0.20141398229034818
0.23214175701283354
0.2605919360770042
0.2876093355796028
0.3136411227588414
0.33896214364132665
0.3637577004698154
0.38815882114266714
0.4122605495787361
0.4361332671715983
0.45983024497068165
0.4833926334321315
0.5068527399567326
0.5302362830733053
0.5535640389767258
0.5768530736557842
0.6001176609207639
0.6233699626045691
0.6466205325776538
0.6698786897963714
0.6931527930688955
0.7164504423897722
0.7397786261147814
0.7631438286381821
0.7865521095075745
0.8100091620602436
0.833520357509122
0.8570907787662647
0.8807252470562185
0.9044283434637919
0.9282044269083385
0.95205764957391
0.9759919704988949
1.0000111678016883
1.024118849862531
1.0483184656755076
1.0726133145136882
1.097006555003567
1.1215012136743607
1.1461001930282602
1.1708062791653746
1.1956221489896632
1.220550377017594
1.2455934418087429
1.2707537320360756
1.2960335522128685
1.3214351280928287
1.3469606117595805
1.3726120864215139
1.3983915709276689
1.4243010240199907
1.450342348336894
1.4765173941826406
1.5028279630764616
1.5292758110948859
1.5558626520200998
1.5825901603065369
1.6094599738773594
1.6364736967618525
1.663632901584079
1.6909391319126519
1.7183939044808816
1.7459987112859279
1.7737550215751652
1.8016642837273638
1.8297279270358857
1.8579473634005808
1.8863239889346843
1.9148591854925796
1.9435543221239069
1.9724107564591984
2.0014298360318143
2.030612899540687
2.0599612780580854
2.0894762961863522
2.119159273167274
2.14901152394755
2.179034360203651
2.209229091329007
2.2395970253864976
2.270139470028831
2.3008577333893716
2.331753124945825
2.362826956358972
2.394080542288591
2.425515201188559
2.4571322560830486
2.4889330353255783
2.5209188733426395
2.5530911113635466
2.585451098137997
2.618000190642894
2.6507397547797575
2.6836711660641552
2.7167958103084233
2.750115084298937
2.7836303964691194
2.8173431675694234
2.8512548313353876
2.885366835154849
2.919680640735486
2.954197724773672
2.9889195796257204
3.023847713982589
3.0589836535489803
3.0943289417278943
3.129885140311697
3.165653830180591
3.201636612009566
3.2378351069848463
3.2742509575308
3.3108858280484137
3.3477414056662163
3.384819401004916
3.4221215489566505
3.459649609480023
3.4974053684120143
3.535390638297933
3.573607259240575
3.6120570997698045
3.650742057733793
3.689664061213264
3.728825069459977
3.768227073860969
3.8078720989298964
3.8477622033270538
3.887899480909541
3.928286061813353
3.9689241135689812
4.009815842252375
4.0509634936731596
4.092369354601976
4.134035754039249
4.175965064527273
4.218159703508108
4.260622134729674
4.303354869702605
4.346360469210473
4.389641544876435
4.4332007607891395
4.4770408351912305
4.521164542233819
4.565574713800554
4.610274241405109
4.655266078166262
4.700553240864845
4.746138812087263
4.792025942460575
4.838217852984367
4.8847178374651685
4.931529265059407
4.97865558293149
5.026100319033844
5.073867085016524
5.121959579274321
5.170381590140023
5.219136999233092
5.268229784973773
5.317664026273327
5.367443906412128
5.417573717117939
5.468057862858138
5.518900865360362
5.570107368377595
5.621682142714716
5.6736300915352915
5.725956255968823
5.778665821040474
5.831764121947266
5.885256650706896
5.939149063207709
5.993447186690899
6.048157027699235
6.103284780529472
6.158836836229604
6.214819792185903
6.271240462349448
6.328105888156824
6.385423350205299
6.443200380749497
6.501444777093581
6.560164615961335
6.61936826893584
6.679064419070972
6.739262078789212
6.799970609193842
6.861199740939583
6.922959596823935
6.985260716282204
7.0481140819936146
7.111531148833415
7.175523875438838
7.2401047586936045
7.305286871479974
7.3710839040977785
7.437510209809424
7.5045808550388005
7.572311674832664
7.640719334286919
7.709821396749037
7.779636399733915
7.850183939635587
7.921484766481839
7.993560890165264
8.066435699788936
8.140134097984904
8.21468265228845
8.290109765862473
8.366445870033042
8.443723641164201
8.52197824428297
8.601247605423328
8.681572713672994
8.762997952038388
8.845571452961645
8.929345468820053
9.014376738768906
9.100726818977032
9.188462320814939
9.277654966675962
9.368381319662243
9.460721962504635
9.554759780620941
9.650576828413424
9.74824900891582
9.847837460393677
9.949375123774127
10.052846518760896
10.158158460579353
10.265099710477743
10.373289144672475
10.482116123180706
10.590684502785734
10.697782861524725
10.801913513866326
10.901411189790268
10.994656466628847
11.08033992366
11.157688289041822
11.226564409447192
11.287409619418117
11.341070459750672
11.388589700156245
11.431029709436665
11.469358897639014
11.504399089470274
11.536815921817631
11.567132861683097
11.595754550082146
11.622991181121797
11.649080095619214
11.674203397658454
11.698501681866144
11.72208445078672
11.745037902783858
11.767430708697129
11.789318283012229
11.810745941763447
11.831751242443149
11.852365724477401
11.872616210508125
11.892525785380247
11.912114537940043
11.931400127598193
11.950398220813105
11.969122830482975
11.98758658241903
12.005800926680523
12.023776306905567
12.041522297388894
12.059047715184676
12.076360712699836
12.093468854908599
12.110379184331991
12.1270982761926
12.143632285607197
12.159986988268164
12.17616781575299
12.192179886364787
12.20802803222485
12.22371682319842
12.239250588125172
12.254633433741569
12.269869261613442
12.284961783344285
12.299914534281356
12.314730885907036
12.32941405707339
12.343967124216423
12.358393030665423
12.372694595147863
12.386874519576965
12.400935396196349
12.41487971414897
12.428709865527237
12.442428150955191
12.456036784748006
12.469537899688245
12.482933551454254
12.496225722731701
12.509416327036803
12.522507212276048
12.535500164064667
12.548396908824405
12.561199116678473
12.573908404160209
12.586526336750332
12.599054431256015
12.61149415804408
12.623846943139426
12.636114170198342
12.64829718236668
12.66039728403038
12.672415742466663
12.68435378940236
12.696212622486225
12.707993406680986
12.719697275580264
12.73132533265598
12.742878652440009
12.754358281645102
12.765765240228395
12.777100522401389
12.788365097589807
12.799559911346046
12.810685886217627
12.821743922573694
12.832734899392708
12.84365967501297
12.854519087848521
12.865313957072361
12.876045083268664
12.886713249055834
12.897319219682153
12.90786374359518
12.918347552986498
12.92877136431359
12.939135878799016
12.949441782908938
12.959689748811991
12.969880434818988
12.980014485805045
12.990092533614462
13.000115197449732
13.010083084245139
13.01999678902567
13.029856895252278
13.039663975153578
13.049418590045414
13.059121290638018
13.068772617331886
13.078373100502931
13.087923260776941
13.09742360929417
13.106874647964585
13.116276869713795
13.125630758720678
13.134936790646135
13.144195432854634
13.153407144627472
13.16257237736924
13.171691574807117
13.180765173183513
13.1897936014423
13.198777281409129
13.207716627965453
13.21661204921721
13.225463946658072
13.234272715327394
13.24303874396311
13.251762415150147
13.260444105463723
13.269084185608712
13.277683020554436
13.286240969665347
13.294758386828011
13.303235620574066
13.311673014199492
13.320070905880563
13.328429628786255
13.336749511187495
13.345030876562904
13.353274043702081
13.361479326805597
13.369647035581979
13.377777475342421
13.385870947092597
13.393927747621866
13.401948169590248
13.409932501612797
13.417881028341823
13.42579403054688
13.4336717851926
13.44151456551433
13.449322641092133
13.457096277922336
13.4648357384877
13.472541281825416
13.480213163593541
13.487851636135657
13.495456948544044
13.50302934672084
13.510569073438239
13.518076368396814
13.525551468282305
13.532994606821472
13.540406014836128
13.547785920295992
13.555134548370376
13.56245212147851
13.5697388593387
13.576994979016293
13.584220694970616
13.59141621910064
13.598581760789632
13.605717526948935
13.612823722060556
13.619900548218752
13.626948205170839
13.633966890356984
13.640956798948984
13.647918123888351
13.654851055923539
13.661755783646178
13.668632493526717
13.675481369949106
13.682302595244801
13.689096349726114
13.695862811718754
13.702602157593427
13.709314561797358
13.716000196884593
13.722659233545832
13.729291840637869
13.735898185211903
13.742478432541782
13.74903274615144
13.755561287841644
13.762064217716397
13.768541694208814
13.774993874106173
13.781420912574866
13.787822963184611
13.794200177932117
13.800552707264488
13.806880700102107
13.813184303860929
13.819463664474396
13.825718926415068
13.831950232715712
13.838157724989951
13.844341543452472
13.850501826939148
13.856638712926518
13.8627523375508
13.868842835626781
13.87491034066624
13.880954984896132
13.886976899276243
13.892976213516683
13.898953056095033
13.904907554273022
13.910839834113148
13.916750020494762
13.9226382371301
13.928504606579748
13.934349250268083
13.940172288498319
13.945973840467225
13.951754024279728
13.957512956963138
13.963250754481193
13.968967531747898
13.974663402640893
13.980338480014945
13.985992875714953
13.991626700588723
13.997240064499671
14.002833076339268
14.008405844039189
14.013958474583289
14.01949107401952
14.025003747471388
14.030496599149396
14.035969732362355
14.04142324952828
14.046857252185333
14.052271841002465
14.057667115789984
14.063043175509689
14.068400118285211
14.073738041412003
14.07905704136702
14.084357213818643
14.089638653635976
14.094901454898311
14.100145710904405
14.10537151418147
14.110578956494164
14.115768128853384
14.12093912152493
14.126092024038009
14.131226925193655
14.136343913073011
14.141443075045412
14.146524497776484
14.151588267235983
14.156634468705601
14.161663186786631
14.166674505407455
14.171668507831075
14.17664527666227
14.181604893855038
14.186547440719545
14.191472997929186
14.196381645527406
14.201273462934635
14.206148528954898
14.211006921782438
14.21584871900819
14.220673997626323
14.225482834040335
14.230275304069599
14.235051482955189
14.239811445366204
14.244555265405577
14.24928301661599
14.253994771985804
14.25869060395459
14.263370584418915
14.268034784737894
14.272683275738661
14.277316127721743
14.281933410466557
14.286535193236467
14.291121544784144
14.295692533356723
14.30024822670065
14.304788692066943
14.30931399621589
14.31382420542215
14.318319385479285
14.322799601704695
14.327264918944211
14.331715401576693
14.336151113518689
14.340572118228687
14.344978478711873
14.349370257524285
14.353747516777126
14.358110318141193
14.362458722851008
14.366792791708798
14.371112585088929
14.375418162941758
14.379709584797615
14.383986909770808
14.388250196563634
14.392499503470082
14.396734888379711
14.400956408781287
14.405164121766783
14.4093580840348
14.413538351894172
14.417704981267818
14.421858027695954
14.425997546339845
14.430123591985092
14.434236219045081
14.438335481564462
14.442421433222377
14.446494127335782
14.450553616862685
14.454599954405403
14.458633192213622
14.462653382187732
14.466660575881821
14.470654824506717
14.474636178933162
14.478604689694595
14.482560406990235
14.486503380688198
14.490433660327989
14.494351295123744
14.498256333966859
14.50214882542889
14.506028817764289
14.509896358913068
14.513751496503653
14.51759427785552
14.521424749981733
14.525242959591813
14.529048953094042
14.532842776598224
14.536624475918153
14.540394096574149
14.544151683795517
14.547897282523133
14.551630937411657
14.555352692832074
14.559062592874032
14.56276068134826
14.566447001788838
14.570121597455602
14.573784511336239
14.577435786148762
14.581075464343552
14.584703588105745
14.588320199357385
14.59192533975946
14.595519050714186
14.599101373367112
14.602672348609216
14.606232017078995
14.60978041916451
14.613317595005363
14.616843584494891
14.62035842728204
14.623862162773383
14.627354830135086
14.630836468294875
14.634307115943955
14.637766811538812
14.64121559330334
14.644653499230513
14.648080567084241
14.651496834401309
14.654902338493205
14.658297116447834
14.66168120513131
14.665054641189855
14.668417461051437
14.671769700927484
14.675111396814726
14.678442584496727
14.681763299545848
14.685073577324665
14.688373452987744
14.691662961483244
14.694942137554651
14.698211015742206
14.701469630384763
14.704718015621154
14.707956205391906
14.711184233440756
14.714402133316163
14.717609938372949
14.720807681773687
14.723995396490354
14.72717311530572
14.730340870814867
14.733498695426777
14.736646621365606
14.73978468067221
14.742912905205609
14.746031326644452
14.749139976488317
14.752238886059262
14.755328086503043
14.758407608790638
14.76147748371965
14.764537741915404
14.767588413832707
14.770629529756881
14.773661119805139
14.776683213928047
14.779695841910655
14.78269903337393
14.785692817776027
14.788677224413485
14.791652282422676
14.794618020780801
14.797574468307433
14.800521653665639
14.803459605363098
14.806388351753528
14.80930792103786
14.812218341265313
14.815119640334794
14.818011845995951
14.82089498585041
14.823769087352956
14.826634177812814
14.829490284394522
14.832337434119427
14.835175653866601
14.838004970374103
14.840825410240008
14.843636999923689
14.846439765746839
14.849233733894552
14.852018930416497
14.85479538122802
14.857563112111206
14.860322148716039
14.86307251656124
14.86581424103578
14.868547347399526
14.8712718607845
14.873987806195924
14.876695208513318
14.87939409249132
14.88208448276115
14.884766403831138
14.887439880088122
14.890104935798316
14.89276159510832
14.895409882046248
14.898049820522568
14.900681434331327
14.903304747150836
14.905919782544885
14.908526563963727
14.91112511474501
14.913715458114753
14.91629761718823
14.918871614971117
14.921437474360314
14.92399521814494
14.926544869007301
14.929086449523863
14.931619982166158
14.93414548930162
14.936662993194698
14.939172516007691
14.941674079801707
14.944167706537565
14.946653418076684
14.949131236182064
14.951601182519116
14.954063278656589
14.956517546067511
14.95896400613006
14.96140268012845
14.963833589253765
14.966256754604965
14.968672197189559
14.971079937924793
14.973479997638199
14.975872397068644
14.978257156867182
14.980634297597769
14.983003839738387
14.985365803681578
14.987720209735478
14.990067078124659
14.992406428990913
14.994738282394056
14.997062658312792
14.999379576645742
15.001689057211667
15.003991119751074
15.006285783926328
15.008573069322951
15.010852995450184
15.013125581741823
15.015390847556937
15.017648812180884
15.01989949482586
15.022142914631802
15.02437909066711
15.026608041929418
15.028829787346352
15.03104434577635
15.033251736009325
15.035451976767552
15.037645086706181
15.039831084414148
15.042009988414968
15.044181817167226
15.04634658906548
15.048504322440902
15.05065503556209
15.052798746635565
15.054935473806582
15.057065235159914
15.059188048720378
15.061303932453605
15.063412904266617
15.065514982008558
15.067610183471377
15.069698526390388
15.071780028445035
15.073854707259155
15.075922580402192
15.07798366538931
15.080037979682222
15.082085540689771
15.084126365768489
15.086160472223087
15.088187877307195
15.090208598223816
15.092222652125868
15.094230056116759
15.096230827250874
15.098224982534187
15.10021253892455
15.102193513332436
15.104167922621288
15.106135783607998
15.108097113063483
15.11005192771293
15.11200024423626
15.113942079268666
15.115877449401028
15.11780637118016
15.119728861109289
15.12164493564836
15.12355461121441
15.125457904182024
15.127354830883304
15.129245407608531
15.131129650606253
15.133007576083603
15.134879200206537
15.136744539100084
15.13860360884847
15.14045642549544
15.142303005044328
15.144143363458227
15.14597751666019
15.14780548053319
15.149627270920371
15.151442903625052
15.15325239441065
15.155055759000934
15.156853013079882
15.158644172291618
15.160429252240492
15.16220826849082
15.163981236567016
15.16574817195321
15.167509090093306
15.169264006390712
15.171012936208076
15.172755894867182
15.17449289764856
15.176223959791317
15.177949096492549
15.17966832290733
15.181381654148117
15.183089105284385
15.184790691342107
15.186486427303366
15.188176328105811
15.18986040864197
15.191538683758923
15.193211168257513
15.194877876891633
15.19653882436759
15.198194025343572
15.199843494428501
15.201487246181523
15.203125295111015
15.204757655673902
15.206384342274376
15.208005369263237
15.209620750936804
15.211230501535859
15.212834635244523
15.214433166189298
15.216026108437655
15.21761347599706
15.219195282813516
15.220771542770434
15.222342269687198
15.223907477317857
15.22546717934966
15.227021389401653
15.22857012102297
15.230113387691638
15.23165120281264
15.233183579716474
15.23471053165738
15.236232071811711
15.237748213276113
15.239258969065736
15.24076435211226
15.242264375262277
15.243759051275065
15.24524839282083
15.246732412478563
15.248211122734117
15.2496845359779
15.251152664502987
15.252615520502802
15.254073116068978
15.255525463189068
15.256972573744326
15.258414459507293
15.25985113213966
15.261282603189711
15.26270888408989
15.264129986154428
15.265545920577251
15.266956698428817
15.268362330654005
15.269762828069616
15.271158201361615
15.272548461082689
15.27393361764963
15.275313681340768
15.276688662293234
15.278058570500354
15.279423415809084
15.280783207917338
15.282137956371267
15.28348767056256
15.284832359725787
15.286172032935937
15.287506699105359
15.288836366981355
15.290161045143535
15.291480742001049
15.292795465789863
15.294105224570329
15.295410026224488
15.296709878453443
15.298004788774543
15.2992947645193
15.300579812830431
15.301859940659511
15.303135154764353
15.304405461706594
15.305670867849313
15.30693137935453
15.308187002180807
15.309437742080899
15.310683604599417
15.311924595070643
15.313160718616084
15.31439198014242
15.315618384339224
15.316839935677026
15.318056638404832
15.319268496548402
15.320475513907924
15.321677694056376
15.322875040337355
15.32406755586309
15.32525524351285
15.32643810593086
15.32761614552463
15.328789364463121
15.329957764675068
15.331121347847331
15.332280115423234
15.33343406860082
15.334583208331434
15.33572753531796
15.336867050013451
15.338001752619599
15.339131643085004
15.340256721104042
15.34137698611524
15.342492437299782
15.34360307358007
15.344708893618389
15.345809895815368
15.346906078308583
15.34799743897114
15.349083975410164
15.350165684965505
15.351242564707887
15.352314611437828
15.353381821683907
15.354444191701017
15.355501717469103
15.35655439469117
15.357602218791799
15.358645184915346
15.359683287924124
15.360716522396299
15.361744882624274
15.362768362612208
15.363786956074241
15.364800656432108
15.365809456812492
15.366813350045183
15.36781232865972
15.368806384883197
15.369795510637074
15.370779697534381
15.371758936876295
15.372733219648703
15.373702536518891
15.374666877831496
15.375626233604601
15.376580593525476
15.377529946946135
15.378474282878475
15.379413589989303
15.380347856595032
15.381277070655885
15.382201219770023
15.38312029116702
15.384034271701271
15.38494314784465
15.385846905679013
15.38674553088785
15.387639008747769
15.38852732411944
15.389410461437564
15.390288404700653
15.391161137459807
15.392028642806823
15.392890903361671
15.393747901258935
15.394599618133187
15.395446035103895
15.396287132758536
15.397122891135107
15.397953289702947
15.398778307342326
15.399597922322405
15.40041211227776
15.401220854182618
15.402024124323486
15.402821898269336
15.403614150839317
15.404400856067806
15.405181987166475
15.405957516482859
15.4067274154553
15.407491654563781
15.4082502032757
15.409003029986934
15.409750101956506
15.410491385234659
15.411226844583389
15.411956443388158
15.412680143559411
15.413397905422903
15.414109687596536
15.414815446851497
15.415515137955449
15.416208713494502
15.416896123669229
15.41757731606099
15.418252235361333
15.41892082305745
15.419583017062903
15.420238751280545
15.420887955081133
15.421530552673453
15.422166462334193
15.422795595453373
15.423417855331387
15.424033135633882
15.424641318360903
15.42524227110374
15.425835843210274
15.426421860180088
15.427000114944011
15.427570352947077
15.428132242607402
15.42868530466887
15.429228723063792
15.429760555183787
15.430282803945891
15.430796349395722
15.43130173547048
15.431799358388634
15.432289537039061
15.432772542412687
15.433248612475019
15.433717960874443
15.434180782554986
15.434637257609547
15.435087554048936
15.435531829863061
15.43597023459947
15.436402910602045
15.43682999400239
15.437251615528536
15.437667901173494
15.43807897275723
15.43848494840418
15.438885942953839
15.439282068317647
15.43967343379235
15.44006014633756
15.440442310824254
15.44082003025801
15.441193405983148
15.4415625378687
15.441927524480894
15.442288463243342
15.44264545058701
15.442998582092251
15.443347952624306
15.443693656460223
15.444035787415695
15.444374438964324
15.444709704355622
15.445041676730385
15.445370449234789
15.445696115133282
15.446018767921943
15.446338501441048
15.446655409988905
15.44696958843719
15.44728113234743
15.447590138089877
15.447896702965378
15.448200925329305
15.448502904720117
15.448802741991043
15.449100539446583
15.44939640098393
15.449690432239164
15.449982740740392
15.450273436066405
15.450562630012968
15.450850436766016
15.451136973084605
15.451422358491254
15.451706715473454
15.451990169694994
15.452272850219783
15.452554889747791
15.452836424865412
15.453117596310996
15.453398549257154
15.453679433611528
15.453960404337883
15.454241621799843
15.454523252129823
15.454805467625201
15.455088447176013
15.45537237672681
15.455657449777789
15.455943867929424
15.45623184147594
15.456521590054603
15.456813343357979
15.457107341917538
15.457403837968599
15.457703096407139
15.458005395853604
15.458311029836524
15.458620308115155
15.458933558160538
15.459251126821263
15.4595733821959
15.459900715751218
15.460233544716958
15.460572314803917
15.460917503294318
15.461269622561817
15.461629224089384
15.461996903064765
15.462373303640511
15.462759124971567
15.463155128147918
15.463562144169513
15.463981083130307
15.464412944806357
15.464858830876834
15.465319959041741
15.465797679345428
15.46629349306706
15.466809074597311
15.467346296789453
15.467907260355108
15.468494327965507
15.469110163828
15.469757779630811
15.470440587891618
15.471162463893947
15.471927817601395
15.472741677111678
15.473609785447902
15.474538712722987
15.475535985942187
15.47661023895598
15.477771385269806
15.479030816529345
15.48040162946648
15.481898883723085
15.483539892124371
15.485344543178464
15.487335652324774
15.489539332671649
15.491985366027585
15.494707538014932
15.497743871378095
15.50113663769018
15.504931922782339
15.50917829897299
15.513923640903885
15.5192078067221
15.525045205669068
15.531379367622492
15.537944379815151
15.543721774644844
15.545051978022007
15.550946653192234
15.574405858816169
15.62233279887955
15.675433267158171
15.729961704419752
15.785698881751928
15.842487031312997
15.90014422089157
15.958447444462639
16.017118629471543
16.075804346216863
16.13403801159752
16.19114627385934
16.245890554344125
16.2970022251578
16.34562074673114
16.392076112503414
16.43649057293348
16.478903272118416
16.519310392329512
16.557682899198753
16.593976086007046
16.62813541681233
16.66010045743062
16.689807718907733
16.71719283346605
16.742192292485882
16.76474487840292
16.784792868770023
16.802283060147232
16.817167640736248
16.829404928664363
16.838959971802357
16.845804839257568
16.84991968113349
16.851293916984698
