0.5101579576545409
0.5101581258615865
0.5101592507106995
0.5101615450201179
0.5101651074167203
0.5101699738636861
0.5101761671162756
0.5101836733726851
0.5101923903757691
0.5102021170643569
0.5102125821394274
0.5102234773571331
0.5102344794617789
0.510245267500495
0.5102555369930873
0.5102650151455245
0.5102734679072
0.5102806988737804
0.5102865356520111
0.5102908129002731
0.5102933554010666
0.5102939640861945
0.5102924061671766
0.5102884046117199
0.5102816309575259
0.5102716917430248
0.5102581071851354
0.5102402746750514
0.5102174166928547
0.5101885020744598
0.5101521258177668
0.5101063177462937
0.5100482314955903
0.5099736428551551
0.5098760966616707
0.5097454927711345
0.5095658848591769
0.5093137293639924
0.508965313397032
0.5085341343518412
0.5081135781672016
0.5078147952233554
0.5076627812620857
0.5076116361058663
0.507606618949051
0.5076123144235059
0.5076135894668422
0.5076079162973464
0.5075978875881229
0.5075867800414648
0.5075769119103962
0.5075694747188949
0.5075648432910178
0.5075628568956224
0.507563027648156
0.5075646407096012
0.5075668105748776
0.5075684762683812
0.5075684350130079
0.5075653205443441
0.5075577013515372
0.5075444214274106
0.5075253516507959
0.507502243535541
0.5074782842643804
0.507455040221214
0.5074327312427067
0.5074152933772791
0.5074058680819018
0.5073998583928594
0.5073948610014805
0.5073902892406107
0.5073859815351521
0.5073818917177851
0.5073780085393943
0.5073743367675188
0.5073708933378852
0.5073677061127616
0.5073648124921164
0.5073622573593279
0.5073600904811069
0.507358363874694
0.5073571290260306
0.5073564345953686
0.5073563252687536
0.5073568408264382
0.5073580153306677
0.5073598769862123
0.5073624483180172
0.507365746283295
0.5073697824792793
0.5073745630791655
0.5073800885891644
0.5073863541842921
0.507393350215683
0.5074010624852489
0.5074094723910925
0.5074185573609811
0.5074282914367041
0.5074386454858992
0.5074495872573787
0.5074610815374062
0.5074730904651893
0.5074855739457291
0.5074984900086601
0.5075117947824251
0.5075254426729513
0.507539387022834
0.5075535804830337
0.5075679749379203
0.5075825216040798
0.5075971712925063
0.5076118747392862
0.5076265829874388
0.5076412474862717
0.5076558203659076
0.5076702550022184
0.5076845063349804
0.5076985308270376
0.5077122866812256
0.5077257342728484
0.507738836502035
0.5077515590043115
0.5077638703294587
0.5077757423520886
0.5077871507850654
0.5077980753377301
0.5078084995832424
0.5078184109039624
0.5078278004937175
0.507836663238034
0.507844997650934
0.507852805893613
0.5078600936596168
0.5078668699298494
0.5078731466767344
0.5078789387169952
0.5078842635984719
0.5078891413177107
0.5078935937629867
0.5078976441077405
0.5079013163613411
0.5079046349606725
0.5079076244208923
0.5079103091421006
0.5079127133691493
0.5079148610290594
0.5079167752690092
0.507918477764111
0.5079199880440476
0.5079213230705415
0.5079224969703134
0.5079235211050622
0.5079244042912727
0.5079251526802457
0.5079257691168162
0.5079262523484999
0.5079265966057149
0.5079267913472234
0.5079268209515727
0.5079266644848839
0.5079262956982639
0.50792568296815
0.507924788709078
0.5079235684072021
0.5079219698833195
0.5079199330956311
0.5079173898980969
0.5079142633921768
0.5079104671985214
0.5079059047920994
0.5079004687182778
0.5078940391672099
0.507886482046363
0.5078776471662547
0.5078673666632132
0.507855453246884
0.5078416979708036
0.5078258673781705
0.5078076998715716
0.5077869010121924
0.5077631375973747
0.507736031060618
0.5077051502603471
0.5076700029847193
0.5076300254310461
0.5075845692494705
0.5075328861316798
0.5074741104041498
0.5074072402791159
0.5073311183032732
0.5072444120447643
0.5071455967490015
0.5070329429337069
0.5069045136201671
0.5067581756487151
0.5065916267499649
0.5064024311653982
0.5061880281739914
0.5059455906283313
0.5056713822179808
0.5063038881987716
0.50691412536578
0.5075086299433255
0.5080926050274928
0.5086706553453756
0.5092469459618809
0.5098251869541136
0.510408585068687
0.5109998088271049
0.5116009810284599
0.5122136996330501
0.512839082037599
0.5134778255394155
0.5141302764995028
0.5147965015841448
0.5154763561010977
0.5161695457381725
0.5168756795112428
0.5175943131518097
0.5183249829918478
0.5190672310942316
0.5198206227232226
0.5205847574104733
0.5213592749277253
0.5221438573035114
0.5229382279490716
0.5237421488483631
0.5245554165367491
0.5253778574554081
0.5262093231084939
0.527049685316501
0.5278988317689736
0.5287566620033279
0.5296230838904127
0.5304980106519992
0.531381358390382
0.5322730440960844
0.5331729840841011
0.5340810928005377
0.53499728195451
0.5359214599259294
0.5368535314001084
0.5377933971758092
0.5387409541129481
0.5396960951807733
0.5406587095825015
0.5416286829305142
0.5426058974555705
0.5435902322324354
0.5445815634087371
0.5455797644264828
0.5465847062284619
0.5475962574466887
0.5486142845660312
0.5496386520612893
0.550669222501539
0.5517058566214077
0.5527484133538055
0.5537967498234867
0.5548507212951986
0.5559101810719095
0.5569749803337716
0.5580449679073111
0.5591199899491792
0.5601998895266679
0.561284506069213
0.5623736746755194
0.5634672252781827
0.5645649817622745
0.5656667613688717
0.5667723753500773
0.5678816333242239
0.5689943573747955
0.5701104197968823
0.5712298363565594
0.5723529842870759
0.573481094632034
0.5746173249038964
0.57576901626308
0.5769521846705465
0.578199598532343
0.5795721015727202
0.581163908736091
0.5830737797455856
0.585323018267212
0.5877944922350858
0.5902922325386871
0.5926482607257603
0.5947632619961073
0.5965921954589367
0.5981210335249955
0.5993513405219875
0.6002922335606817
0.6009565139968034
0.6013588314052376
0.6015147873934278
0.6014404772690612
0.6011522446040707
0.6006665569868502
0.6000163290843329
0.6000163290843329
0.6000163290843329
0.6000163290843329
0.6000163290843329
0.6000163290843329
0.6000163290843329
0.6000163290843329
0.6000163290843329
0.6000163290843329
0.6000163290843329
0.6000163290843329
0.6000163290843329
0.6000163290843329
0.6000163290843329
0.6000163290843329
0.6000163290843329
0.6000163290843329
0.6000163290843329
0.6000163290843329
0.6000163290843329
0.6000163290843329
0.6000163290843329
0.6000163290843329
0.6000163290843329
0.6000163290843329
0.6000163290843329
0.6000163290843329
0.6000163290843329
0.6000163290843329
0.6000163290843329
0.6000163290843329
0.6000163290843329
0.6000163290843329
0.6000163290843329
0.6000163290843329
0.6000163290843329
0.6000163290843329
0.6000163290843329
0.6000163290843329
0.6000163290843329
0.6000163290843329
0.6000163290843329
0.6000163290843329
0.6000163290843329
0.6000163290843329
0.6000163290843329
0.6000163290843329
0.6000163290843329
0.6000163290843329
0.6000163290843329
0.6000163290843329
0.6000163290843329
0.6000163290843329
0.6000163290843329
0.6000163290843329
0.6000163290843329
0.6000163290843329
0.6000163290843329
0.6000163290843329
0.6000163290843329
0.6000163290843329
0.6000163290843329
0.6000163290843329
0.6000163290843329
0.6000163290843329
0.6000163290843329
0.6000163290843329
0.6000163290843329
0.6000163290843329
0.6000163290843329
0.6000163290843329
0.6000163290843329
0.6000163290843329
0.6000163290843329
0.6000163290843329
0.6000163290843329
0.6000163290843329
0.6000163290843329
0.6000163290843329
0.6000163290843329
0.6000163290843329
0.6000163290843329
0.6000163290843329
0.6000163290843329
0.6000163290843329
0.6000163290843329
0.6000163290843329
0.6000163290843329
0.6000163290843329
0.6000163290843329
0.6000163290843329
0.6000163290843329
0.6000163290843329
0.6000163290843329
0.6000163290843329
0.6000163290843329
0.6000163290843329
0.6000163290843329
0.6000163290843329
0.6000163290843329
7.86065533372386
7.862535393518457
7.868182792927925
7.877606514692834
7.89081345969421
7.907808166529903
7.92859266773975
7.953165687809355
7.981521447005268
8.013649119546399
8.049533208625354
8.089154522649867
8.132491315374502
8.17952057576417
8.230219438886785
8.284566736247239
8.342544379977221
8.404138466806158
8.469340003285499
8.538145337522641
8.610556510325305
8.686581722647933
8.76623602102572
8.849542108480842
8.93653132749791
9.027244614324855
9.12173335858268
9.22006010665127
9.32229929338827
9.428538064791733
9.538877322852477
9.653433382340928
9.772340813305656
9.895757617100454
10.023874511465186
10.156932115729312
10.295252268865006
10.4392925587851
10.589713708721096
10.747357872444216
10.912979169396728
11.08693632237403
11.26925728851589
11.459888356024033
11.658836804278973
11.866209577216509
12.08220931067747
12.307119736146635
12.54129288266394
12.785142397474567
13.039143775982186
13.30384060137773
13.57985574881379
13.867907356870782
14.168830459576519
14.483606266447072
14.813402436452682
15.159629866889608
15.52402536080939
15.908777138832136
16.316726914760036
16.751724315893437
17.219329064875982
17.728388896766074
18.294163407141294
18.929941214759772
19.530880554057322
19.913350709307924
20.117235664398727
20.264079222414875
20.39056650527094
20.504667463548152
20.609708123493117
20.707574212983967
20.799494010670585
20.886339030439867
20.9687628491839
21.047274664643485
21.122282587611217
21.1941210594884
21.263069141998244
21.329363206098087
21.393206015968367
21.45477340401374
21.51421928564817
21.571679499795575
21.62727479980535
21.681113217325574
21.73329195530886
21.78389892193455
21.833013986811558
21.8807100196943
21.927053756832812
21.972106529191247
22.01592487906293
22.058561085788142
22.10006361676838
22.140477516564342
22.179844744404768
22.218204468509953
22.2555933239551
22.292045639525448
22.327593638086768
22.362267614278423
22.39609609274011
22.42910596954423
22.461322638938007
22.492770107232865
22.5234710955847
22.55344713307843
22.582718641178097
22.611305010512478
22.6392246708888
22.66649515532568
22.693133158799036
22.719154592188154
22.74457463189895
22.769407765694467
22.793667835125877
22.817368074780983
22.840521148627708
22.86313918377138
22.885233801871085
22.90681614835929
22.927896919559554
22.94848638786095
22.96859442515263
22.98823052461025
23.007403820854858
23.026123108565073
23.044396859660125
23.062233239117003
23.079640119500056
23.096625094311136
23.11319549022424
23.129358378229885
23.145120583703182
23.16048869547581
23.17546907402956
23.190067858902275
23.204290975338395
23.21814414022196
23.231632867381126
23.244762472321888
23.257538076412224
23.269964610553536
23.282046818431734
23.293789259437084
23.305196311297887
23.316272172435582
23.327020864048386
23.337446231952345
23.34755194816257
23.35734151225268
23.36681825259013
23.37598532748558
23.384845726191912
23.39340226969211
23.401657611354874
23.409614237534896
23.41727446809869
23.42464045683468
23.4317141918025
23.4384974957173
23.444992026350246
23.45119927684054
23.457120575903488
23.462757088084075
23.468109814153696
23.47317959159718
23.477967095160146
23.4824728375463
23.486697170443257
23.490640285953297
23.494302218422856
23.497682846754465
23.50078189739416
23.50359894818699
23.506133433290117
23.508384649397282
23.510351763627693
23.51203382345309
23.513429768986864
23.514538448103163
23.51535863508309
23.515889053585756
23.516128404693223
23.516075400563675
23.515728803765516
23.51508747154258
23.51415040279907
23.512916782927046
23.511386017083975
23.509557735115678
23.50743173945382
23.50500784807227
23.502285549327333
23.499263305260552
23.49593710611759
23.4922970983284
23.488318928535016
23.4839286605643
23.479226865361273
23.474262983600976
23.46906948069164
23.463670186085125
23.458083615809226
23.452324554124736
23.446405014110773
23.440334919677806
23.4341226251087
23.42777531970793
23.42129934248759
23.414700423598884
23.407983865815144
23.401154677524712
23.394217667272347
23.387177508580244
23.380038782450246
23.372806003634814
23.365483635556316
23.358076097663954
23.35058776809073
23.343022983693153
23.33538603893078
23.32768118455841
23.319912626729348
23.312084526823085
23.304201002129325
23.296266127388805
23.288283937117807
23.280258428596348
23.27219356538728
23.264093281243024
23.255961484268724
23.24780206122701
23.239618881886376
23.231415803339225
23.22319667422877
23.214965338845456
23.20672564105921
23.198481428074896
23.190236553994097
23.181994883197603
23.173760293536752
23.165536679357764
23.15732795435694
23.14913805428746
23.140970939523903
23.132830597497968
23.12472104501487
23.11664633045832
23.108610535890122
23.100617779041134
23.09267221519899
23.084778038977
23.076939485958718
23.069160834188843
23.06144640548862
23.05380056654571
23.046227729727477
23.038732353533284
23.03131894258558
23.023992047015977
23.016756261058777
23.00961622058609
23.00257659923979
22.995642102645004
22.98881746001814
22.982107412130745
22.975516694145842
22.96905001101857
22.962712002093305
22.956507189259874
22.95043990075782
22.94451415638469
22.938733496631816
22.933100723040795
22.92761752544505
22.92228395909782
22.91709786074139
22.91205447513201
22.907147369473797
22.902372657926136
22.897739251780738
22.893282558850952
22.889069504416454
22.885184794890495
22.881710339636417
22.878712910289746
22.87624201640794
22.874332061954068
22.873005413643664
22.87227480972526
22.87214513514592
22.872614558127545
22.87367519316992
22.875313232352152
22.87750826204845
22.880230656435653
22.883433537129967
22.887025137329484
22.891050310025232
22.895527733765938
22.900471080179035
22.905893634873582
22.911809963014186
22.918236560253913
22.92519207704144
22.932697113613617
22.94077317796665
22.949439769537047
22.958707433398775
22.968563425188172
22.97894909404802
22.989744163181758
23.000789778373658
23.011940212413354
23.023091445857972
23.03417787444636
23.045159633841482
23.056012495156715
23.066721606818337
23.077277834981317
23.087675618429497
23.0979116838869
23.107984255873514
23.117892557409768
23.12763648654408
23.137216402141373
23.146632978792052
23.155887107081966
23.164979823950084
23.173912263312186
23.18268562083059
23.19130112835297
23.199760035469033
23.208063596051627
23.216213058413565
23.2242096581809
23.232054613010057
23.239749118833217
23.247294347192444
23.254691443396357
23.261941525311023
23.269045682544043
23.27600497609936
23.282820438185784
23.289493072306165
23.29602385344435
23.302413728370734
23.308663616079436
23.314774408171356
23.32074696940962
23.326582138203268
23.332280727140674
23.337843523514486
23.34327128992162
23.3485647647365
23.353724662663875
23.358751675249803
23.36364647136126
23.36840969770871
23.373041979308717
23.37754391995761
23.38191610264317
23.386159089965098
23.390273424561588
23.394259629495252
23.398118208645016
23.40184964703963
23.405454411199386
23.408932949500414
23.41228569242764
23.415513052903698
23.418615426592897
23.421593192143416
23.42444671145084
23.427176329882883
23.429782376530735
23.43226516442221
23.434624990721456
23.43686213696256
23.438976869169743
23.440969438049624
23.442840079152223
23.44458901302317
23.44621644535771
23.447722567107228
23.449107554631283
23.450371569771647
23.45151475994254
23.452537258281218
23.45343918368203
23.454220640902445
23.454881720592365
23.45542249934696
23.45584303976236
23.456143390277308
23.456323585825327
23.456383648483374
