0.8583797349157283
0.8583797209139635
0.8583796788765186
0.8583796087203801
0.858379510303109
0.8583793834248769
0.8583792278270925
0.8583790431911266
0.8583788291367495
0.8583785852202331
0.8583783109321081
0.8583780056945879
0.8583776688585985
0.8583772997003819
0.8583768974176922
0.8583764611254799
0.8583759898510592
0.8583754825287211
0.8583749379936947
0.8583743549754087
0.858373732090032
0.8583730678320834
0.8583723605651884
0.8583716085116666
0.8583708097410416
0.8583699621571502
0.858369063483781
0.8583681112486171
0.858367102765282
0.858366035113202
0.8583649051150152
0.858363709311188
0.8583624439313976
0.8583611048622574
0.8583596876108183
0.8583581872632001
0.8583565984375674
0.858354915230646
0.8583531311565521
0.8583512390768571
0.8583492311201849
0.8583470985896922
0.8583448318560896
0.8583424202336546
0.8583398518359504
0.8583371134073616
0.8583341901255304
0.8583310653688322
0.858327720441343
0.8583241342462181
0.8583202828956875
0.8583161392431332
0.8583116723184584
0.8583068466428279
0.8583016213916727
0.8582959493657529
0.8582897757168645
0.8582830363578373
0.8582756559618842
0.8582675454229252
0.8582585986002804
0.8582486881020662
0.8582376597607746
0.8582253253041158
0.8582114524966697
0.8581957516765963
0.8581778570549956
0.8581573002450726
0.8581334719852247
0.8581055654364442
0.8580724898247387
0.8580327346362306
0.8579841478833705
0.8579235575679264
0.8578460897028779
0.8577438552391906
0.8576031986175691
0.8573982317453501
0.8570726664148475
0.856468771832711
0.8548770331432372
0.8487049508787284
0.8344478061573914
0.8202513142016834
0.8144843258138826
0.8147423135693097
0.8166363196843601
0.818588114624522
0.8202812815200715
0.8217166337567083
0.822947383044552
0.824020115163884
0.8249673611735064
0.8258108694982921
0.8265655576329238
0.8272422785214497
0.8278494803000518
0.8283941432560797
0.8288822998378144
0.8293193215237177
0.8297100748786507
0.8300590056350272
0.830370186210077
0.830647346799606
0.8308938995271579
0.8311129595250935
0.8313073647038193
0.831479694943937
0.8316322907965185
0.8317672715197945
0.8318865523282187
0.8319918608687052
0.832084752957642
0.8321666275092059
0.8322387404672216
0.8323022175423029
0.8323580657539709
0.8324071840390002
0.8324503731641262
0.8324883449877446
0.8325217311644035
0.8325510914400521
0.8325769213833414
0.8325996591640523
0.8326196912675561
0.8326373574726836
0.8326529555169725
0.8326667456444233
0.832678954984474
0.8326897816218023
0.8326993982546772
0.8327079554134967
0.8327155842665831
0.8327223990663208
0.8327284992926828
0.8327339715405835
0.8327388911837881
0.8327433238378456
0.8327473266413552
0.8327509493754219
0.8327542354410945
0.8327572227126315
0.8327599442810507
0.8327624290997888
0.832764702542787
0.8327667868848333
0.8327687017138922
0.8327704642848026
0.8327720898229553
0.8327735917855821
0.8327749820870786
0.832776271293743
0.8327774687923234
0.832778582936097
0.8327796211716483
0.8327805901490684
0.8327814958179401
0.8327823435111082
0.8327831380179409
0.8327838836484377
0.8327845842893654
0.8327852434533496
0.8327858643217276
0.8327864497818803
0.8327870024596649
0.8327875247475501
0.83278801882902
0.8327884866997555
0.8327889301861031
0.8327893509612595
0.832789750559569
0.8327901303892671
0.8327904917439506
0.8327908358129612
0.8327911636908892
0.8327914763862541
0.8327917748294648
0.8327920598800946
0.8327923323334793
0.8327925929266775
0.832792842343806
0.8327930812207722
0.8327933101494559
0.832793529681405
0.832793740331087
0.832793942578791
0.8327941368732367
0.8327943236339522
0.8327945032534654
0.8327946760993705
0.8327948425162536
0.8327950028275144
0.8327951573370823
0.8327953063309917
0.8327954500788479
0.8327955888351354
0.8327957228403956
0.8327958523222512
0.8327959774962989
0.8327960985668856
0.8327962157277505
0.8327963291626028
0.8327964390455972
0.8327965455417562
0.8327966488073316
0.8327967489901327
0.8327968462298072
0.8327969406580986
0.8327970323990648
0.8327971215692909
0.8327972082780511
0.8327972926274627
0.8327973747126166
0.8327974546216721
0.8327975324359154
0.8327976082298069
0.8327976820709523
0.8327977540200581
0.8327978241307954
0.8327978924496158
0.8327979590154481
0.8327980238592905
0.8327980870036242
0.8327981484615797
0.8327982082357434
0.832798266316384
0.8327983226787595
0.8327983772788765
0.8327984300467066
0.832798480875017
0.8327985296007361
0.8327985759734662
0.8327986196017007
0.832798659860322
0.8327986957305814
0.8327987255220054
0.8327987463875565
0.8327987534765683
0.8327987384544204
0.8327986869220904
0.8327985739515703
0.8327983564880258
0.8327979608445686
0.8327972634517921
0.8327960651894256
0.8327940686066041
0.8327908913905473
0.832786188456973
0.8327799436152885
0.8327727724863431
0.8327657951853625
0.8327600057612085
0.8327557921787372
0.8327530054685894
0.8327512778491638
0.8327502515184448
0.8327496599688052
0.8327493282417221
0.832749148875731
0.8327490581865827
0.8327490191216785
0.8327490102896643
0.8327490193457991
0.8327490391262088
0.8327490654263092
0.8327490957352445
0.8327491285175601
0.8327491628055471
0.8327491979670991
0.8327492335728497
0.8327492693191629
0.8327493049830679
0.8327493403952351
0.8327493754234014
0.8327494099619737
0.832749443925145
0.8327494772422683
0.832749509854653
0.8327495417130949
0.8327495727762189
0.8327496030089508
0.8327496323815887
0.8327496608688023
0.8327496884490261
0.8327497151038011
0.832749740817324
0.8327497655760643
0.8327497893683716
0.832749812184236
0.8327498340150163
0.8327498548532624
0.8327498746924722
0.8327498935270788
0.8327499113521124
0.8327499281632779
0.8327499439567594
0.832749958729162
0.832749972477429
0.8327499851987947
0.832749996890721
0.832750007550828
0.8327500171769038
0.832750025766801
0.8327500333184785
0.8327500398299272
0.8327500452991329
0.832750049724099
0.8327500531027956
0.8327500554331807
0.8327500567131324
0.8327500569404509
0.8327500561129231
0.8327500542281845
0.8327500512838165
0.8327500472773106
0.832750042206026
0.8327500360672135
0.8327500288580383
0.8327500205755247
0.8327500112165785
0.8327500007779952
0.8327499892564082
0.832749976648404
0.8327499629503192
0.8327499481584733
0.8327499322689859
0.8327499152778738
0.8327498971810008
0.8327498779741019
0.8327498576528061
0.832749836212571
0.8327498136487221
0.8327497899564663
0.8327497651308783
0.8327497391668726
0.8327497120592617
0.8327496838026875
0.8327496543916837
0.8327496238206319
0.8327495920837866
0.8327495591752601
0.832749525089045
0.8327494898189737
0.832749453358759
0.8327494157019998
0.8327493768421134
0.8327493367723922
0.832749295486019
0.8327492529760261
0.832749209235288
0.8327491642565735
0.832749118032494
0.8327490705555324
0.8327490218180226
0.8327489718121578
0.8327489205300102
0.8327488679634889
0.8327488141043653
0.8327487589442868
0.8327487024747241
0.8327486446870196
0.8327485855723831
0.832748525121843
0.8327484633263298
0.8327484001765585
0.832748335663147
0.8327482697765374
0.8327482025070089
0.8327481338447025
0.8327480637795776
0.832747992301477
0.8327479194000199
0.8327478450647092
0.8327477692848572
0.8327476920496202
0.8327476133479805
0.8327475331687285
0.832747451500513
0.8327473683317668
0.8327472836507759
0.8327471974456067
0.8327471097041791
0.8327470204141878
0.832746929563158
0.8327468371383866
0.8327467431270211
0.832746647515933
0.8327465502918746
0.8327464514413601
0.8327463509506233
0.8327462488057549
0.8327461449926066
0.8327460394967816
0.8327459323036842
0.8327458233984787
0.8327457127660697
0.8327456003911573
0.832745486258138
0.8327453703512173
0.8327452526543134
0.8327451331510753
0.8327450118249148
0.8327448886589441
0.8327447636360014
0.8327446367386954
0.832744507949258
0.8327443772496859
0.8327442446216733
0.8327441100466131
0.8327439735055523
0.8327438349792512
0.8327436944481605
0.8327435518923729
0.8327434072916402
0.83274326062542
0.8327431118727555
0.8327429610123742
0.8327428080226422
0.8327426528815329
0.8327424955666571
0.8327423360552388
0.8327421743240886
0.8327420103496412
0.8327418441078959
0.8327416755744745
0.8327415047245197
0.8327413315327553
0.8327411559734964
0.8327409780205467
0.8327407976472803
0.8327406148265919
0.832740429530897
0.8327402417320917
0.8327400514015965
0.8327398585103128
0.8327396630286116
0.8327394649262988
0.8327392641726902
0.8327390607364865
0.8327388545858652
0.8327386456883571
0.8327384340109598
0.8327382195200037
0.8327380021812325
0.832737781959742
0.8327375588199841
0.832737332725709
0.8327371036400314
0.8327368715253646
0.8327366363433627
0.8327363980549891
0.8327361566205005
0.8327359119992805
0.8327356641500608
0.8327354130306894
0.8327351585982228
0.8327349008089472
0.8327346396181705
0.83273437498042
0.8327341068493248
0.8327338351775544
0.8327335599168867
0.8327332810181247
0.8327329984310718
0.832732712104582
0.8327324219864127
0.8327321280233101
0.8327318301609725
0.8327315283438936
0.8327312225155261
0.8327309126181536
0.83273059859282
0.8327302803794085
0.8327299579165279
0.8327296311415263
0.8327292999903844
0.8327289643978253
0.8327286242971561
0.8327282796202226
0.8327279302974944
0.8327275762579343
0.8327272174289387
0.8327268537364151
0.8327264851045985
0.832726111456118
0.8327257327118663
0.8327253487910699
0.8327249596111144
0.8327245650876097
0.8327241651342012
0.8327237596627108
0.8327233485828932
0.8327229318025451
0.8327225092272817
0.8327220807606436
0.8327216463039718
0.8327212057562599
0.832720759014201
0.8327203059721754
0.8327198465219598
0.8327193805528817
0.832718907951647
0.8327184286022526
0.8327179423859502
0.8327174491811586
0.8327169488633623
0.8327164413050326
0.83271592637555
0.8327154039410791
0.8327148738645593
0.8327143360054612
0.8327137902198326
0.8327132363601124
0.8327126742750169
0.8327121038094942
0.8327115248044802
0.8327109370969239
0.8327103405195705
0.8327097349008287
0.8327091200647044
0.8327084958305511
0.8327078620130637
0.8327072184219805
0.8327065648619729
0.8327059011325751
0.83270522702793
0.8327045423364831
0.8327038468411506
0.8327031403187163
0.832702422539982
0.8327016932692898
0.8327009522644748
0.8327001992765879
0.8326994340496465
0.8326986563204424
0.8326978658182039
0.832697062264418
0.8326962453725083
0.8326954148475694
0.8326945703860618
0.8326937116754668
0.8326928383940638
0.8326919502104231
0.8326910467832787
0.8326901277608707
0.8326891927808937
0.8326882414697807
0.8326872734425177
0.8326862883020653
0.8326852856389786
0.8326842650308316
0.8326832260418787
0.8326821682223082
0.8326810911079149
0.8326799942193472
0.8326788770616221
0.8326777391234041
0.832676579876456
0.8326753987747277
0.8326741952539527
0.832672968730586
0.8326717186010856
0.8326704442411988
0.8326691450048959
0.8326678202235331
0.8326664692049117
0.8326650912320241
0.8326636855623615
0.8326622514263198
0.8326607880264075
0.8326592945356602
0.8326577700964803
0.8326562138192046
0.832654624780585
0.8326530020222229
0.8326513445488617
0.832649651326832
0.8326479212819087
0.8326461532976177
0.8326443462129902
0.832642498820471
0.8326406098635872
0.8326386780343316
0.8326367019707857
0.8326346802542852
0.8326326114062695
0.8326304938854903
0.8326283260843887
0.8326261063258508
0.8326238328591636
0.832621503856211
0.8326191174071209
0.8326166715157896
0.8326141640949681
0.8326115929610242
0.8326089558286531
0.8326062503046024
0.8326034738817019
0.8326006239316636
0.8325976976983384
0.8325946922894355
0.8325916046684282
0.8325884316454869
0.8325851698677501
0.83258181580909
0.8325783657586695
0.8325748158090623
0.8325711618430575
0.8325673995196604
0.8325635242588407
0.8325595312250319
0.8325554153091523
0.8325511711093795
0.8325467929099771
0.8325422746584777
0.8325376099405435
0.8325327919531216
0.8325278134743845
0.832522666831732
0.8325173438660227
0.83251183589285
0.8325061336597086
0.8325002272994138
0.8324941062783572
0.8324877593394032
0.83248117443957
0.8324743386800146
0.8324672382294673
0.8324598582385747
0.8324521827445934
0.8324441945660285
0.8324358751834994
0.8324272046082438
0.8324181612324176
0.832408721663106
0.8323988605334138
0.8323885502902438
0.832377760952485
0.8323664598382249
0.832354611252237
0.8323421761294661
0.8323291116264193
0.8323153706510864
0.8323009013197159
0.832285646328416
0.8322695422206988
0.8322525185334427
0.8322344967931451
0.83221538933449
0.8321950978992764
0.832173511968361
0.832150506765379
0.8321259408484463
0.8320996531939867
0.8320714596326206
0.8320411484692498
0.8320084750488992
0.8319731549642769
0.8319348554802448
0.8318931845982788
0.8318476769570526
0.8317977754278298
0.8317428067700966
0.8316819489464371
0.8316141865150982
0.8315382486200683
0.8314525210033326
0.8313549182170674
0.8312426930865184
0.8311121439397212
0.8309581489947993
0.8307733959454185
0.8305470479203817
0.8302623120799172
0.8298917688145138
0.829388109315558
0.8286669972235227
0.8275865975535759
0.8259593236145782
0.8236271657393155
0.8205251156792238
0.8166758224932433
0.8121645172419815
0.8071233768540808
0.8017240852765423
0.7961725488406936
0.7906999133718299
0.7855447040975928
0.7809239212663356
0.7769980803424933
0.77384348712954
0.7714460192364047
0.7697198324068586
0.7685402513774708
0.7677753490985305
0.7673067681404031
0.7670388061449869
0.7668993653755352
0.7668368551228347
0.7668158501976181
0.7668129379995795
0.7668132884338075
0.7668080258841272
0.7667923009242932
0.76676391343074
0.766722348298017
0.766668111220592
0.7666022791272441
0.7665262024562072
0.7664413138218276
0.766349010451686
0.7662505870228322
0.7661472022388583
0.7660398673529807
0.7659294483443587
0.7658166759926065
0.7657021599919881
0.7655864045341167
0.7654698237779051
0.7653527562598419
0.7652354777857512
0.7651182126188416
0.7650011429721778
0.7648844169316167
0.7647681549834702
0.764652455339401
0.7645373982542808
0.7644230495156019
0.7643094632595239
0.7641966842407705
0.7640847496831887
0.7639736907852122
0.763863533969249
0.7637543019171646
0.7636460144525897
0.7635386892967462
0.7634323427276515
0.7633269901688318
0.7632226467304567
0.7631193277168054
0.7630170491406477
0.7629158283014014
0.7628156846279537
0.7627166412616372
0.7625088128907556
0.7619725738805311
0.7614377466249519
0.7609043003892401
0.7603722077556961
0.7598414404161338
0.7593119688898862
0.7587837569897836
0.7582567682839456
0.7577309468511786
0.7572062500628143
0.7566825744934184
0.7561598883251471
0.7556379620988521
0.7551168407945631
0.7545959574434039
0.7540756665156677
0.7535546136114165
0.7530342599946109
0.7525120311256659
0.7519914320128511
0.7514714852370424
0.7509466073067054
0.7504299765780229
0.7498891679569889
0.7493547304117527
0.7488142380832595
0.7482720944883707
0.7477288793883009
0.7471824272444848
0.746633711034716
0.7460817033041992
0.7455264728523492
0.7449674061954025
0.744404129346057
0.7438360522671127
0.743262592370014
0.7426830720337071
0.7420967605579726
0.7415028512236315
0.7409004636653018
0.7402886351864308
0.7396663151734493
0.7390323573807536
0.7383855118968311
0.7377244161043397
0.7370475848238544
0.7363533995182148
0.7356400965537563
0.7349057544714821
0.7341482802367549
0.7333653944384356
0.7325546154151603
0.7317132422727517
0.7308383368046434
0.7299267042743582
0.728974873141045
0.7279790736738895
0.7269352155942783
0.7258388647632966
0.7246852190913128
0.7234690837892557
0.7221848461855958
0.7208264503828327
0.7193873720583676
0.7178605938207603
0.7162385815810169
0.7145132625006134
0.712676005138195
0.7107176025720788
0.7086282593349198
0.7063975831370275
0.7040145825264766
0.7014676717775045
0.6987446844629869
0.6958328973678014
0.6927190665963198
0.6893894778451362
0.6858300129150209
0.682026234558991
0.6779634915976691
0.6736270459811299
0.6690022229696405
0.6640745849706743
0.6588301286192288
0.6532555035191681
0.6473382496047627
0.6410670480893707
0.6344319785303174
0.627424771034404
0.6200390373104337
0.6122704540458243
0.604116843081818
0.6000163290843329
0.6000163290843329
0.6000163290843329
0.6000163290843329
0.6000163290843329
0.6000163290843329
0.6000163290843329
0.6000163290843329
0.6000163290843329
0.6000163290843329
0.6000163290843329
0.6000163290843329
0.6000163290843329
0.6000163290843329
13.973884886660649
13.974030565640327
13.974467609953173
13.975196035862263
13.97621587203956
13.977527158399841
13.979129946276887
13.98102429843427
13.98321028907906
13.985688003877998
13.988457539975382
13.991519006014805
13.994872522162256
13.998518220132375
14.002456243217058
14.006686746317031
14.011209895975643
14.016025870415643
14.021134859578645
14.02653706516718
14.032232700690097
14.038221991510165
14.044505174895452
14.051082500072761
14.057954228285217
14.065120632852526
14.072581999234405
14.080338625097983
14.088390820388422
14.096738907403292
14.105383220870849
14.114324108032681
14.123561928730327
14.13309705549644
14.142929873651383
14.153060781404266
14.16349018995991
14.174218523632419
14.185246219964116
14.196573729853165
14.208201517687842
14.220130061490737
14.232359853072314
14.24489139819587
14.257725216755116
14.27086184296674
14.284301825579403
14.298045728103283
14.312094129061759
14.32644762227155
14.341106817155271
14.356072339094073
14.371344829828562
14.386924947919123
14.402813369279901
14.419010787805862
14.435517916115426
14.452335486443733
14.469464251726784
14.486904986938214
14.50465849075724
14.52272558768049
14.54110713073592
14.55980400502425
14.578817132416479
14.59814747789698
14.617796058288922
14.637763954508682
14.658052329167827
14.678662452504941
14.699595741687205
14.720853822350048
14.74243862866724
14.764352573504524
14.786598853689496
14.809182035092
14.832109272172756
14.855393155322018
14.879059635971956
14.903178553399066
14.9280547482718
14.955258579125097
14.986929969711927
15.021625175758098
15.057091705100476
15.092501588968835
15.128001282553093
15.163837572833767
15.200170125015525
15.237087335607193
15.274636017025719
15.312840101904234
15.35171067606692
15.39125117557235
15.431460140431255
15.472332772332035
15.513861896493754
15.55603860514962
15.598852715112368
15.642293106970625
15.686347981126943
15.731005050153376
15.77625168099711
15.822074998976372
15.868461964076193
15.915399427849703
15.962874177314442
16.010872970892684
16.059382570306752
16.108389771354084
16.1578814358184
16.207844526458597
16.258266146742724
16.309133586392196
16.36043437277729
16.412156327135992
16.46428762419342
16.516816854285125
16.569733087582822
16.62302593987299
16.676685639354442
16.73070309364338
16.78506995376191
16.839778668756292
16.894822524899208
16.950195667823102
17.005893110512115
17.061910731533956
17.118245266455943
17.174894293229183
17.23185621104258
17.289130212041627
17.346716245941945
17.404614978406652
17.46282774470482
17.521356500423728
17.580203770909574
17.63937260083296
17.69886650501204
17.758689421426645
17.818845667171864
17.879339897878243
17.94017707086642
18.001362412065404
18.06290138655287
18.124799672489846
18.18706313820476
18.249697822201508
18.312709915889698
18.37610574885573
18.439891776499145
18.504074569857714
18.568660807441997
18.63365726890324
18.69907083036418
18.764908461254365
18.831177222501466
18.897884265940903
18.96503683481368
19.03264226522891
19.10070798847473
19.169241534070636
19.238250533464065
19.307742724291767
19.37772595513998
19.448208190758887
19.519197517701677
19.590702150378004
19.66273043752394
19.735290869101753
19.808392083650116
19.882042876109445
19.956252206148484
20.031029207016385
20.106383194945295
20.182323679122735
20.25886037225569
20.336003201744862
20.41376232149241
20.492148124368594
20.571171255370384
20.650842625511576
20.731173426494426
20.812175146221833
20.893859585218937
20.976238874044185
21.059325491777212
21.14313228568184
21.227672492150212
21.31295975904419
21.399008169559096
21.48583226774856
21.573447085860604
21.6618681736533
21.751111629877
21.84119413613266
21.932132993344215
22.023946161110914
22.116652300245075
22.210270818837046
22.30482192223835
22.400326667406148
22.496807022113476
22.59428592960067
22.69278737932674
22.79233648457673
22.89295956779328
22.99468425464096
23.097539577968313
23.20155609303013
23.30676600556149
23.413203314578002
23.520903972118013
23.629906062558106
23.74025000464622
23.851978780034358
23.96513819287771
24.07977716606292
24.195948080871517
24.313707168471087
24.433114963642378
24.55423683373384
24.67714359914334
24.80191226586936
24.928626896082687
25.05737964948275
25.18827203660107
25.32141643511388
25.4569379309416
25.59497655529027
25.73568999159046
25.879256810791937
26.025880234673377
26.175792273062598
26.32925772734646
26.486576790748888
26.64808339936917
26.814133334652034
26.985070017506356
27.161145005168912
27.342352829934157
27.5281199639564
27.71679089587829
27.904957401073187
28.086998045033436
28.255643508319256
28.404174928729446
28.529216415704276
28.631769706247056
28.715787865754656
28.78598106052554
28.846412053566404
28.900070390264393
28.948981244417816
28.994466645524692
29.037383219657972
29.078292601917752
29.117571991571534
29.155482847599487
29.19221293502803
29.227902063260963
29.262657987270853
29.296566383119398
29.32969723194221
29.362109002624102
29.393851464787993
29.424967633795383
29.45549515396968
29.485467309654815
29.514913783532055
29.543861238874214
29.572333776028117
29.600353296856085
29.62793980029812
29.655111625328416
29.681885653002343
29.70827747617855
29.734301543342777
29.759971281428257
29.78529920142141
29.810296989724193
29.834975587637445
29.85934526085876
29.88341566053476
29.90719587712449
29.930694488110625
29.95391960041888
29.976878888263585
29.999579627023465
30.022028723657183
30.0442327440914
30.066197937949774
30.08793026094021
30.109435395170948
30.130718767631016
30.1517855670375
30.17264075922794
30.193289101250258
30.21373515428737
30.233983295532564
30.254037729122114
30.273902496216216
30.293581484309172
30.313078435842808
30.33239695618575
30.351540521036064
30.370512483299585
30.389316079488797
30.407954435683212
30.426430573088783
30.444747413229067
30.462907782799263
30.480914418207625
30.498769969832633
30.51647700601435
30.53403801680267
30.551455417479936
30.568731551874777
30.58586869548203
30.602869058403922
30.61973478812327
30.63646797212259
30.65307064035821
30.66954476759971
30.685892275644346
30.702115035413588
30.71821486894035
30.734193551254116
30.750052812169407
30.765794337985035
30.781419773098285
30.79693072154068
30.812328748438887
30.82761538140597
30.842792111866608
30.857860396321044
30.872821657549565
30.887677285763434
30.902428639702315
30.917077047684355
30.93162380860863
30.94607019291459
30.960417443499594
30.97466677659807
30.98881938262255
31.002876426970285
31.01683905079599
31.030708371753708
31.044485484707696
31.058171462415366
31.071767356183056
31.085274196495966
31.09869299362347
31.1120247382013
31.12527040179131
31.13843093742046
31.15150728009882
31.16450034731931
31.17741103953846
31.190240240639774
31.202988818380412
31.215657624822263
31.228247496746686
31.240759256056236
31.25319371016069
31.265551652351302
31.277833862160964
31.29004110571322
31.302174136058635
31.314233693500785
31.32622050591059
31.338135289031065
31.349978746771605
31.361751571493365
31.373454444284807
31.385088035229124
31.396653003662614
31.408149998425852
31.419579658105892
31.43094261127222
31.44223947670456
31.453470863614456
31.464637371859325
31.47573959215152
31.486778106259344
31.49775348720414
31.508666299449796
31.51951709908848
31.530306434018875
31.541034844121924
31.551702861429455
31.5623110102891
31.57285980752404
31.583349762589247
31.59378137772215
31.604155148090225
31.614471561933875
31.624731100705727
31.63493423920643
31.64508144571649
31.655173182124305
31.665209904051963
31.67519206097628
31.685120096347955
31.694994447706872
31.704815546794617
31.714583819664202
31.7242996867875
31.7339635631587
31.74357585839648
31.75313697684299
31.762647317660566
31.77210727492586
31.781517237721896
31.79087759022793
31.800188711806868
31.80945097709083
31.818664756064738
31.82783041414752
31.836948312272064
31.846018806962316
31.855042250409692
31.864018990547184
31.872949371121415
31.881833731763685
31.890672408058858
31.89946573161332
31.908214030120863
31.916917627427203
31.925576843593216
31.93419199495671
31.94276339419263
31.951291350372408
31.959776169021513
31.96821815217619
31.976617598438406
31.98497480303021
31.993290057846927
32.00156365150868
32.00979586941126
32.01798699377558
32.02613730369663
32.03424707519083
32.04231658124312
32.05034609185208
32.05833587407498
32.06628619207153
32.07419730714708
32.08206947779419
32.08990295973417
32.09769800595765
32.10545486676383
32.11317378979938
32.12085502009668
32.12849880011075
32.13610536975627
32.14367496644339
32.151207825112124
32.15870417826779
32.166164256014504
32.17358828608803
32.180976493888835
32.188329102513656
32.19564633278688
32.20292840329162
32.21017553039908
32.21738792829891
32.22456580902815
32.23170938249902
32.23881885652781
32.24589443686214
32.25293632720725
32.25994472925331
32.266919842700986
32.27386186528701
32.280770992809174
32.28764741915129
32.29449133630708
32.30130293440359
32.308082401725166
32.31482992473613
32.32154568810301
32.32822987471713
32.334882665715746
32.34150424050393
32.348094776775085
32.35465445053223
32.361183436107396
32.36768190618218
32.37415003180691
32.38058798242023
32.38699592586769
32.3933740284206
32.399722454793924
32.406041368164836
32.41233093018997
32.41859130102243
32.42482263932961
32.43102510230985
32.43719884570825
32.443344023833575
32.4494607895743
32.455549294413665
32.46160968844573
32.467642120390295
32.47364673760815
32.47962368611507
32.48557311059712
32.49149515442417
32.49738995966461
32.5032576670982
32.50909841623059
32.514912345306286
32.52069959132126
32.52646029003668
32.53219457599113
32.537902582513006
32.5435844417331
32.54924028459684
32.554870240875836
32.56047443917968
32.56605300696787
32.57160607056054
32.577133755150015
32.58263618481203
32.5881134825164
32.59356577013687
32.59899316846331
32.604395797210515
32.6097737750293
32.61512721951593
32.62045624722229
32.62576097366555
32.63104151333799
32.63629797971613
32.641530485269776
32.64673914147166
32.65192405880619
32.657085346778295
32.66222311392215
32.667337467809965
32.67242851506018
32.67749636134595
32.68254111140337
32.687562869039304
32.69256173713992
32.69753781767797
32.70249121172081
32.70742201943785
32.7123303401085
32.71721627212914
32.72207991302051
32.72692135943498
32.73174070716369
32.73653805114317
32.741313485462896
32.74606710337139
32.75079899728346
32.75550925878647
32.760197978647184
32.76486524681788
32.76951115244275
32.77413578386457
32.778739228630236
32.78332157349744
32.78788290444063
32.79242330665643
32.79694286457043
32.801441661842105
32.8059197813715
32.81037730530404
32.8148143150367
32.819230891223896
32.823627113782216
32.82800306189635
32.83235881402461
32.83669444790447
32.8410100405576
32.84530566829516
32.84958140672362
32.853837330749755
32.858073514585584
32.86229003175402
32.86648695509415
32.87066435676659
32.87482230825808
32.87896088038765
32.88308014331119
32.88718016652718
32.89126101888184
32.895322768574644
32.89936548316352
32.9033892295708
32.907394074088394
32.911380082383694
32.91534731950511
32.91929584988828
32.92322573736184
32.92713704515357
32.93102983589707
32.93490417163784
32.938760113840104
32.94259772339406
32.946417060622714
32.95021818528972
32.9540011566068
32.9577660332424
32.96151287332973
32.96524173447617
32.968952673772684
32.97264574780365
32.97632101265765
32.979978523938485
32.98361833677758
32.987240505846486
32.99084508537043
32.9944321291433
32.99800169054325
33.00155382254986
33.00508857776229
33.008606008419314
33.012106166420566
33.01558910335069
33.019054870504114
33.02250351891361
33.02593509938063
33.02934966250904
33.032747258741665
33.036127938402
33.039491751738154
33.042838748973786
33.04616898036257
33.04948249625072
33.05277934714532
33.05605958379169
33.05932325725975
33.062570419041165
33.06580112115885
33.069015416291364
33.07221335791351
33.07539500045631
33.07856039949009
33.08170961193389
33.08484269629648
33.08795971295406
33.09106072447291
33.094145795983685
33.097214995619225
33.10026839502922
33.10330606998613
33.10632810110462
33.10933457469952
33.11232558381397
33.11530122946241
33.11826162213933
33.121206883668734
33.124137149484646
33.127052571470536
33.12995332152552
33.132839596090086
33.13571162195097
33.138569663777844
33.14141403403824
33.14424510623246
33.14706333284765
33.149869270158945
33.152663613184615
33.155447246090944
33.15822131677419
33.16098735051168
33.163747429087685
33.16650448426923
33.16926280053739
33.17202892089119
33.174813368379034
33.177634048310075
33.18052270705314
33.183533775121816
33.18674381619655
33.19022537024189
33.194018382897205
33.19812928314191
33.2025420281994
33.20722644229181
33.21214306815647
33.21724629483885
33.222487022634596
33.22781554060367
33.23318481864134
33.23855393127033
33.24389090101744
33.24917415420139
33.25439220609971
33.25954189041519
33.26462590968212
33.26965046184866
33.27462337346622
33.27955283946613
33.28444667966404
33.289311964187554
33.29415487312707
33.29898069127287
33.30379387305695
33.30859813835875
33.313396576792485
33.31819174851711
33.32298577581453
33.32778042315275
33.3325771654149
33.33737724495518
33.34218171864783
33.346991496218756
33.35180737121988
33.35663004586852
33.36146015087749
33.366298261248424
33.37114490884765
33.3760005924652
33.380865785913215
33.38574094462829
33.39062651115059
33.39552291975892
33.40043060052227
33.4053499829214
33.41028149922679
33.415225587738334
33.42018269600229
33.42515328411744
33.430137828227785
33.435136824313425
33.440150792420425
33.44518028148185
33.450225874950945
33.45528819753878
33.46036792346888
33.46546578686585
33.47058259522831
33.47571924753887
33.480876759666884
33.486056302069244
33.49125925996323
33.496487339380316
33.501742779432824
33.50702884666537
33.51235162725692
33.51771660824524
33.52311515670833
33.528543686724284
33.53400010390746
33.53948304483226
33.54499156997113
33.5505250350359
33.55608299895752
33.56166522811869
33.567271583574154
33.57290218891813
33.578557073832684
33.58423684252088
33.58994145364414
33.59567244862972
33.60142912495682
33.607215170313104
33.61302762839377
33.618875139434685
33.624747493101815
33.63066484822996
33.63659668778828
33.64258376961068
33.64858408749921
33.65464075180792
33.660731836582016
33.66687680308621
33.67306912319371
33.67931763710496
33.68562285175254
33.69199093244478
33.698425787241156
33.70493344898658
33.71151976316079
33.718191619925136
33.72495642356529
33.73182242811015
33.73879868774048
33.74589518736977
33.75312290953649
33.76049393824588
33.76802156143503
33.77572038722636
33.78360646972775
33.791697446939324
33.800012691146385
33.80857347293217
33.81740313975399
33.82652731013861
33.835974084510525
33.84577427370667
33.85596164613629
33.86657319451717
33.877649422975324
33.88923465510202
33.90137736331234
33.91413051948374
33.92755196637995
33.941704808709346
33.95665782187227
33.972485875364725
33.98927036652061
34.00709965854153
34.02606951472111
34.046283518189746
34.06785346330849
34.09089970102012
34.11555141580335
34.14194680620811
34.17023313433482
34.20056660159823
34.233111998794335
34.268042067567215
34.305536497618554
34.3457804694233
34.38896263533072
34.43527241269071
34.48489644047727
34.53801402513462
34.59479137083857
34.65537435153432
34.719879532987214
34.78838308390138
34.860907110574566
34.93740277756535
35.01772927245539
35.10162709367123
35.18868294857256
35.278280850766436
35.36952703211289
35.46111420976579
35.55099063856694
35.634571780835266
35.710346943844975
35.78051505076791
35.84545856999241
35.90517913420971
35.95952609279979
36.008279155042736
36.05118986420721
36.08800686990455
36.11849332286281
36.14243969972946
36.15967350140727
36.17006569884537
36.17354128586425
